5
30
30
0 0.701419 1.42925 1.99215 2.61561 3.75987 19.5735 16.7719 15.1064 15.3555 15.9966 16.7114 14.9874 11.9049 5.01836 5.65923 8.92058 8.84362 7.98933 7.54173 9.16711 7.98267 7.77289 7.21072 15.2461 17.577 14.4037 27.7685 19.5227 29.6788
0.701419 0 0.614205 1.33536 2.67416 3.16403 20.7678 17.367 16.5933 15.8987 15.8414 16.4275 13.6642 12.7391 4.88651 5.66804 7.75722 8.03502 6.41923 6.98179 9.50729 8.19402 9.3928 8.00101 14.6466 21.0561 16.5371 24.9339 18.4047 29.9408
1.42925 0.614205 0 0.619604 3.47917 2.92132 17.4186 16.7482 15.5011 16.3921 16.619 14.8198 13.9019 12.4739 4.62015 4.91296 7.11002 8.67064 6.53334 7.67088 9.74993 9.55995 8.9987 8.58283 17.2659 20.9131 15.3744 25.6563 22.7481 30.5364
1.99215 1.33536 0.619604 0 4.09445 2.68174 20.0589 19.6068 19.1301 15.1596 16.7278 16.5608 15.5892 12.8256 4.44138 5.03722 7.05897 8.14258 6.27366 6.7891 9.82136 9.94534 9.03702 9.02417 15.7481 22.1467 17.6881 28.7875 20.3177 31.5471
2.61561 2.67416 3.47917 4.09445 0 4.94247 16.8886 15.4343 12.7784 12.4409 13.4279 14.5257 11.4301 11.8567 3.001 5.63898 7.5043 8.88266 6.58844 8.47919 6.2721 5.50748 5.60395 4.94636 12.4679 16.9672 12.1861 22.6151 17.6238 30.3594
3.75987 3.16403 2.92132 2.68174 4.94247 0 18.4722 18.3745 17.9915 15.5302 17.4205 15.8784 13.6971 12.7524 4.08014 2.4964 5.56788 5.1345 3.73188 4.82428 11.5638 9.21072 11.2764 10.1316 17.4772 21.6196 17.2589 25.6372 22.5615 30.5652
19.5735 20.7678 17.4186 20.0589 16.8886 18.4722 0 1.32762 2.61133 3.90549 5.88257 5.24097 6.37579 7.03986 15.225 15.7727 15.8565 15.894 17.8728 17.3465 10.0468 10.3675 11.8894 11.6314 15.7439 19.9388 2.97728 7.24191 18.7388 14.5377
16.7719 17.367 16.7482 19.6068 15.4343 18.3745 1.32762 0 1.34081 2.76511 6.00519 5.62607 5.91931 6.01839 13.7291 15.2984 15.4368 15.1011 16.4731 16.6553 8.53316 9.44551 10.2582 11.1928 14.5815 20.9112 1.73433 9.80493 18.3896 15.4152
15.1064 16.5933 15.5011 19.1301 12.7784 17.9915 2.61133 1.34081 0 1.39324 6.09962 5.88994 5.5746 5.49906 12.2675 16.3767 15.6133 15.2839 15.8293 14.5935 7.372 9.23259 8.33017 9.21361 15.6512 20.6308 1.02682 9.81115 18.0152 15.0111
15.3555 15.8987 16.3921 15.1596 12.4409 15.5302 3.90549 2.76511 1.39324 0 6.03325 6.40466 5.04387 5.25861 12.9903 14.1636 13.4823 16.4464 14.2908 16.467 7.08547 7.60518 7.64942 8.22963 12.6566 19.7431 1.39754 11.2192 17.0932 15.4724
15.9966 15.8414 16.619 16.7278 13.4279 17.4205 5.88257 6.00519 6.09962 6.03325 0 1.33122 2.38143 3.61321 13.0003 14.0563 11.3091 11.6615 12.8303 14.5476 10.9512 10.0846 11.7986 11.1754 20.6534 22.6281 5.48232 10.4782 23.794 18.273
16.7114 16.4275 14.8198 16.5608 14.5257 15.8784 5.24097 5.62607 5.88994 6.40466 1.33122 0 1.34349 2.40418 11.4344 12.55 10.2812 12.4872 12.553 13.1149 9.2212 8.41501 9.99171 10.425 20.7738 25.5164 5.01029 12.3924 23.3387 18.4708
14.9874 13.6642 13.9019 15.5892 11.4301 13.6971 6.37579 5.91931 5.5746 5.04387 2.38143 1.34349 0 1.29967 10.877 11.6046 9.4056 11.6591 10.2561 12.1641 8.3441 8.85722 8.69515 9.07203 18.6404 25.3997 4.74049 13.6299 22.4599 17.9012
11.9049 12.7391 12.4739 12.8256 11.8567 12.7524 7.03986 6.01839 5.49906 5.25861 3.61321 2.40418 1.29967 0 9.41807 10.6666 9.53109 9.89792 9.37219 11.6513 6.59037 6.28249 7.73972 7.2209 15.5457 20.0547 4.89217 13.9394 19.513 19.9053
5.01836 4.88651 4.62015 4.44138 3.001 4.08014 15.225 13.7291 12.2675 12.9903 13.0003 11.4344 10.877 9.41807 0 2.46455 4.63193 4.88342 3.86788 5.09245 6.42725 5.88169 7.17295 5.82491 17.429 20.7447 12.6066 23.13 21.386 28.6515
5.65923 5.66804 4.91296 5.03722 5.63898 2.4964 15.7727 15.2984 16.3767 14.1636 14.0563 12.55 11.6046 10.6666 2.46455 0 2.71075 3.3958 1.79795 2.75284 9.35338 8.61154 10.2894 7.93478 16.9312 23.4722 15.2939 25.6352 22.0959 31.8694
8.92058 7.75722 7.11002 7.05897 7.5043 5.56788 15.8565 15.4368 15.6133 13.4823 11.3091 10.2812 9.4056 9.53109 4.63193 2.71075 0 1.07848 1.09364 1.43577 11.5034 10.5266 10.6873 9.1316 19.632 26.2267 13.4965 23.1533 23.4528 29.7526
8.84362 8.03502 8.67064 8.14258 8.88266 5.1345 15.894 15.1011 15.2839 16.4464 11.6615 12.4872 11.6591 9.89792 4.88342 3.3958 1.07848 0 1.31685 1.06188 10.8817 11.6813 11.6439 10.8795 21.6984 26.465 15.1244 26.1552 27.9505 29.7022
7.98933 6.41923 6.53334 6.27366 6.58844 3.73188 17.8728 16.4731 15.8293 14.2908 12.8303 12.553 10.2561 9.37219 3.86788 1.79795 1.09364 1.31685 0 1.07132 9.83237 9.2494 9.93387 8.99756 20.1061 22.7714 13.9625 25.2922 25.2387 31.8611
7.54173 6.98179 7.67088 6.7891 8.47919 4.82428 17.3465 16.6553 14.5935 16.467 14.5476 13.1149 12.1641 11.6513 5.09245 2.75284 1.43577 1.06188 1.07132 0 11.1335 11.6752 11.6262 11.7148 19.3074 27.966 15.2667 22.6671 25.3567 30.8813
9.16711 9.50729 9.74993 9.82136 6.2721 11.5638 10.0468 8.53316 7.372 7.08547 10.9512 9.2212 8.3441 6.59037 6.42725 9.35338 11.5034 10.8817 9.83237 11.1335 0 1.01754 0.994998 1.45098 10.2913 16.7851 7.05302 18.0187 14.3158 21.1577
7.98267 8.19402 9.55995 9.94534 5.50748 9.21072 10.3675 9.44551 9.23259 7.60518 10.0846 8.41501 8.85722 6.28249 5.88169 8.61154 10.5266 11.6813 9.2494 11.6752 1.01754 0 1.38893 1.0965 11.741 17.1462 8.40187 17.6357 15.886 24.3702
7.77289 9.3928 8.9987 9.03702 5.60395 11.2764 11.8894 10.2582 8.33017 7.64942 11.7986 9.99171 8.69515 7.73972 7.17295 10.2894 10.6873 11.6439 9.93387 11.6262 0.994998 1.38893 0 0.90631 10.6767 15.3696 7.71154 20.8263 14.3398 20.847
7.21072 8.00101 8.58283 9.02417 4.94636 10.1316 11.6314 11.1928 9.21361 8.22963 11.1754 10.425 9.07203 7.2209 5.82491 7.93478 9.1316 10.8795 8.99756 11.7148 1.45098 1.0965 0.90631 0 10.5026 14.521 8.70732 18.1274 15.4892 22.921
15.2461 14.6466 17.2659 15.7481 12.4679 17.4772 15.7439 14.5815 15.6512 12.6566 20.6534 20.7738 18.6404 15.5457 17.429 16.9312 19.632 21.6984 20.1061 19.3074 10.2913 11.741 10.6767 10.5026 0 4.77087 14.4231 22.3359 4.51407 22.2977
17.577 21.0561 20.9131 22.1467 16.9672 21.6196 19.9388 20.9112 20.6308 19.7431 22.6281 25.5164 25.3997 20.0547 20.7447 23.4722 26.2267 26.465 22.7714 27.966 16.7851 17.1462 15.3696 14.521 4.77087 0 19.5175 28.3115 4.37131 28.5032
14.4037 16.5371 15.3744 17.6881 12.1861 17.2589 2.97728 1.73433 1.02682 1.39754 5.48232 5.01029 4.74049 4.89217 12.6066 15.2939 13.4965 15.1244 13.9625 15.2667 7.05302 8.40187 7.71154 8.70732 14.4231 19.5175 0 10.3027 16.8032 16.51
27.7685 24.9339 25.6563 28.7875 22.6151 25.6372 7.24191 9.80493 9.81115 11.2192 10.4782 12.3924 13.6299 13.9394 23.13 25.6352 23.1533 26.1552 25.2922 22.6671 18.0187 17.6357 20.8263 18.1274 22.3359 28.3115 10.3027 0 23.3259 8.48616
19.5227 18.4047 22.7481 20.3177 17.6238 22.5615 18.7388 18.3896 18.0152 17.0932 23.794 23.3387 22.4599 19.513 21.386 22.0959 23.4528 27.9505 25.2387 25.3567 14.3158 15.886 14.3398 15.4892 4.51407 4.37131 16.8032 23.3259 0 20.2955
29.6788 29.9408 30.5364 31.5471 30.3594 30.5652 14.5377 15.4152 15.0111 15.4724 18.273 18.4708 17.9012 19.9053 28.6515 31.8694 29.7526 29.7022 31.8611 30.8813 21.1577 24.3702 20.847 22.921 22.2977 28.5032 16.51 8.48616 20.2955 0
