2
50
60
0 0.620048 1.25155 1.93127 2.56098 3.78191 29.0263 29.146 30.1641 31.6247 25.6322 26.113 24.6808 30.0894 15.6891 15.8054 15.8217 18.3387 11.1662 11.0818 11.753 11.5185 9.73539 9.62985 6.30886 7.97901 12.9821 10.4949 24.8611 22.3584 15.5249 28.4343 14.2109 21.9283 28.8395 24.9407 25.383 28.4589 21.7794 20.1867 25.3815 21.1347 15.4725 16.6648 17.3632 16.3892 22.0145 21.1431 25.3232 23.72 16.6824 10.2853 15.7131 33.6192 16.0579 25.7666 12.7274 14.2456 11.3334 24.4224
0.620048 0 0.616904 1.3806 3.17918 3.34093 29.0336 29.8387 28.264 27.368 25.6365 27.334 28.8056 29.0915 17.5551 17.9066 18.2819 16.6457 12.0982 10.7866 11.2388 12.955 8.29226 9.27854 6.15893 7.37313 13.3611 11.0607 21.3842 22.2143 14.6604 28.2872 11.9277 26.0861 27.4515 27.3315 29.6242 26.4795 22.3435 20.7395 22.3164 23.5584 14.7478 15.7024 14.2542 14.6382 25.4608 24.0265 26.1873 23.2858 15.0406 8.41325 13.5763 31.9932 15.9999 29.0272 11.5235 16.7672 11.1236 23.0399
1.25155 0.616904 0 0.703744 3.16688 2.88474 26.6834 26.8912 32.1515 33.1362 22.4701 26.8527 28.2161 30.3444 16.6203 18.2474 16.3894 18.4849 12.4182 12.8118 12.4599 13.437 7.71652 8.82882 6.0326 8.23302 12.7305 12.2201 21.2856 23.4897 15.7631 26.8197 12.0651 24.5959 26.236 27.6632 29.1886 25.1172 23.9012 22.393 21.9624 25.0585 12.9558 14.8496 14.9243 15.6532 22.6512 24.9856 27.2809 24.4978 14.8315 8.23319 15.286 32.0535 13.5828 27.3985 10.4227 13.6712 11.3457 23.4909
1.93127 1.3806 0.703744 0 3.71025 2.41726 27.9146 26.7619 28.3405 32.4184 24.1905 27.338 27.2487 31.1536 18.7697 18.2048 19.3647 19.7855 14.1433 12.0662 13.748 14.527 7.97915 8.95019 5.59519 6.60036 15.183 13.6831 22.6789 23.7888 14.6337 27.0104 12.1296 25.6873 28.7483 28.2686 26.2718 28.0628 20.3743 20.3455 21.1707 23.5708 13.3139 14.702 16.1503 16.3541 22.6671 23.557 25.0167 26.3263 15.3482 9.01602 13.4415 30.7018 15.6044 29.6534 9.65665 14.8992 13.5145 23.9761
2.56098 3.17918 3.16688 3.71025 0 4.61964 25.3235 27.5032 30.1521 32.481 25.7285 24.8323 28.2103 28.1112 14.0028 13.8917 15.2716 15.7986 9.37467 9.84822 9.20521 10.6089 8.2276 9.52948 5.94542 9.18897 11.239 8.18021 23.3925 22.4845 13.4385 27.8009 14.4148 23.4502 24.5627 25.131 27.1999 26.6803 26.5576 23.7797 24.8269 24.6563 19.1941 19.468 17.7342 18.9375 25.408 22.2529 25.9388 24.5469 14.0293 9.29206 15.6821 30.5579 17.0345 27.9551 13.9509 19.9028 9.78289 22.855
3.78191 3.34093 2.88474 2.41726 4.61964 0 30.6929 33.2855 34.1827 33.0158 29.7695 26.5785 30.5973 32.4264 21.4865 20.1669 20.9365 22.2685 13.9702 13.3663 16.4167 14.8311 5.89248 7.00785 3.89823 4.73924 14.2039 11.8759 21.0497 20.9049 12.3365 24.9674 10.661 28.4273 32.4723 31.4858 31.3645 25.9138 23.9031 26.2408 27.1301 25.6535 13.9632 16.0463 16.9521 15.829 28.2589 27.4845 25.4872 27.41 14.998 6.11881 11.124 30.294 16.185 29.3895 8.77896 17.4314 14.3777 19.8313
29.0263 29.0336 26.6834 27.9146 25.3235 30.6929 0 1.34086 2.43465 3.57666 5.49698 5.69791 6.04457 6.03691 25.984 23.7967 22.8816 19.3834 24.2091 21.918 19.6654 21.1556 35.6977 34.208 34.3479 31.8133 33.5723 30.2076 51.38 50.6392 45.74 25.1404 34.5598 8.68901 41.1363 41.0928 37.8955 39.216 13.9685 13.4239 12.8312 13.4643 29.137 30.4176 24.2041 27.0191 4.29356 4.1 3.1856 2.99474 40.6362 32.9108 38.0507 30.2932 21.9401 14.3738 37.5181 24.8243 29.9077 53.698
29.146 29.8387 26.8912 26.7619 27.5032 33.2855 1.34086 0 1.37376 2.34344 6.02378 5.12696 5.15775 5.65635 27.3841 26.5156 21.4461 23.6678 26.6026 21.7804 23.4239 19.6203 38.2968 40.3541 33.6725 32.7322 31.8594 33.6443 45.4399 55.8562 38.9599 25.623 39.736 8.23531 44.4632 37.9287 40.4666 38.9736 13.2482 13.016 13.0907 13.4493 29.2075 31.079 24.4291 28.9455 4.9329 5.85551 4.68829 4.64979 42.8044 38.6764 38.7879 30.0122 23.8961 13.8393 32.8901 23.1815 33.4736 51.7021
30.1641 28.264 32.1515 28.3405 30.1521 34.1827 2.43465 1.37376 0 1.30484 6.22753 6.07052 5.53163 6.07391 24.7807 24.3791 25.9047 24.2193 24.2379 25.557 22.9419 23.5141 34.4922 39.1652 34.7288 38.8091 35.2299 35.6294 48.2458 56.6692 41.5969 25.6021 34.9775 8.70791 42.0825 41.9589 39.6952 40.8696 12.5769 13.6904 14.4392 14.6806 29.7176 26.3237 28.7832 25.8238 6.7859 7.11052 6.10617 6.0766 39.1074 36.6892 42.0581 33.0426 25.8675 13.8727 35.1214 24.871 30.1643 49.6329
31.6247 27.368 33.1362 32.4184 32.481 33.0158 3.57666 2.34344 1.30484 0 6.76046 6.31574 6.01676 5.87268 26.1895 28.6215 24.3979 24.0705 25.6524 25.8425 23.7927 23.1918 35.8777 37.7156 39.0419 35.5045 34.3203 33.207 47.5758 52.3404 48.7112 28.0842 38.4818 8.67932 44.9493 40.9641 41.5184 42.1962 13.0736 14.6065 12.4506 15.7313 31.5517 29.3375 28.2827 30.1205 7.48239 8.44346 6.87783 7.22136 43.0788 40.8261 47.0309 31.4292 24.1084 16.8286 39.7073 22.8886 31.1503 50.4994
25.6322 25.6365 22.4701 24.1905 25.7285 29.7695 5.49698 6.02378 6.22753 6.76046 0 1.25631 2.55595 3.77611 28.0265 26.0129 21.6731 22.357 24.3225 23.5088 20.6602 21.8728 36.104 35.967 28.674 30.7164 29.8385 32.8451 49.7107 43.9186 37.2912 21.674 30.435 2.66594 44.9073 41.2719 41.2591 41.822 6.88641 8.14024 7.50079 8.92746 20.3732 22.0756 23.0243 24.4299 7.91038 6.78748 7.12021 5.70331 40.5727 31.299 41.0929 26.1891 20.7517 17.3051 29.4695 18.88 31.1551 45.7157
26.113 27.334 26.8527 27.338 24.8323 26.5785 5.69791 5.12696 6.07052 6.31574 1.25631 0 1.21205 2.64892 28.6447 23.3673 23.8738 24.8576 22.9968 26.0107 23.4927 22.8639 34.0768 37.2849 32.8314 31.5443 30.3792 33.678 51.3167 51.4158 44.3049 21.9624 31.507 3.18641 44.3867 44.4142 43.2151 43.4122 8.28436 9.21827 7.52448 8.87288 23.726 23.2179 23.4533 25.3194 7.29978 7.24929 7.36436 6.89988 41.7128 35.0864 40.2184 25.7332 19.4551 18.0436 33.6937 18.6713 34.7743 49.6286
24.6808 28.8056 28.2161 27.2487 28.2103 30.5973 6.04457 5.15775 5.53163 6.01676 2.55595 1.21205 0 1.36233 28.6775 28.8449 27.2353 24.7783 26.2093 23.6221 25.0268 23.9823 37.9183 39.8488 34.1206 37.0652 34.2747 35.7934 50.5108 51.4148 38.0372 20.893 36.0513 3.26688 48.3668 46.2829 45.4831 44.7974 8.12317 8.6379 7.13538 8.5012 25.0017 26.4763 24.5504 26.0221 8.99254 8.40817 8.47103 7.43415 38.8487 32.5942 41.8029 24.5175 19.2149 17.7651 34.6465 17.3986 34.6326 45.9352
30.0894 29.0915 30.3444 31.1536 28.1112 32.4264 6.03691 5.65635 6.07391 5.87268 3.77611 2.64892 1.36233 0 27.9302 26.8536 27.2373 24.5847 26.8849 25.0297 27.2322 23.9075 40.2091 34.2617 31.2014 37.323 38.6298 35.988 47.9963 56.4231 45.601 21.7547 38.8039 4.33643 46.2579 43.7398 49.4996 43.8393 8.18584 9.55562 8.90175 9.6473 23.369 26.0244 25.8273 22.6996 9.92362 8.53174 9.41254 8.6477 38.7359 34.6676 44.5283 25.4301 23.2583 18.9766 33.2156 18.9435 36.0786 48.4411
15.6891 17.5551 16.6203 18.7697 14.0028 21.4865 25.984 27.3841 24.7807 26.1895 28.0265 28.6447 28.6775 27.9302 0 1.37645 2.38081 3.57727 4.8981 5.58299 5.85759 6.50145 21.9701 23.5465 19.6148 22.2179 12.0023 13.0907 33.2264 39.7168 24.6475 34.9059 32.2368 28.388 17.3385 16.1006 15.4811 15.8095 27.9316 27.2197 31.9239 27.3947 30.9299 32.1366 31.8535 32.1534 18.3399 21.3899 21.7638 19.1703 19.2362 21.2058 30.0414 41.419 27.9695 18.0112 29.6244 26.299 10.1738 38.9517
15.8054 17.9066 18.2474 18.2048 13.8917 20.1669 23.7967 26.5156 24.3791 28.6215 26.0129 23.3673 28.8449 26.8536 1.37645 0 1.20424 2.58425 5.79057 5.53831 5.03238 5.41268 21.8286 26.7485 22.8362 22.0797 12.9239 12.7099 35.735 36.3809 27.562 36.5977 30.5711 26.5155 17.6194 16.9777 16.5051 16.1487 24.6812 27.3093 30.3274 29.4414 31.277 28.7972 31.6393 32.9535 19.4369 17.2338 17.9446 20.9481 20.1156 22.2385 26.0789 44.5007 29.6541 16.7126 27.7769 28.2289 10.9567 39.9943
15.8217 18.2819 16.3894 19.3647 15.2716 20.9365 22.8816 21.4461 25.9047 24.3979 21.6731 23.8738 27.2353 27.2373 2.38081 1.20424 0 1.17304 5.50682 5.06637 5.37144 5.44856 21.0627 24.0346 20.2139 23.994 12.2276 14.6886 37.9941 34.2455 25.9837 34.2352 28.1722 24.7631 19.0681 17.5756 16.7142 19.1372 25.1184 27.2033 27.6764 26.445 28.2236 29.1034 30.9258 32.9549 17.1789 18.329 18.8161 19.6237 20.5166 25.2138 27.1821 43.5643 27.0317 14.7984 29.7113 24.9879 12.7831 36.2487
18.3387 16.6457 18.4849 19.7855 15.7986 22.2685 19.3834 23.6678 24.2193 24.0705 22.357 24.8576 24.7783 24.5847 3.57727 2.58425 1.17304 0 6.5401 5.97611 5.95032 5.47826 20.9709 26.8882 21.7174 25.6134 14.9973 14.719 35.9484 40.0395 27.0042 33.1076 32.6483 21.3898 21.0984 22.1588 19.3583 20.457 27.74 24.8363 28.3072 26.7952 29.9153 26.8385 26.7238 28.0316 16.8856 16.9684 18.6477 19.0836 23.8441 23.8 27.0706 43.6351 27.131 13.6807 30.3931 27.5042 14.0144 42.5528
11.1662 12.0982 12.4182 14.1433 9.37467 13.9702 24.2091 26.6026 24.2379 25.6524 24.3225 22.9968 26.2093 26.8849 4.8981 5.79057 5.50682 6.5401 0 1.38875 2.7899 4.03763 17.6233 20.7703 17.0258 16.5166 9.43244 9.8956 31.3564 29.6306 20.7805 32.9462 23.2595 22.4319 19.8836 19.3021 19.6701 18.4368 27.1996 24.6359 27.9499 29.6489 26.6777 25.0597 26.7821 25.7121 19.1865 19.2455 23.031 19.4909 18.2751 19.4114 25.4319 37.681 22.9287 18.8904 22.8669 22.5187 7.06858 30.5718
11.0818 10.7866 12.8118 12.0662 9.84822 13.3663 21.918 21.7804 25.557 25.8425 23.5088 26.0107 23.6221 25.0297 5.58299 5.53831 5.06637 5.97611 1.38875 0 1.19156 2.46405 16.9504 20.0871 16.4517 17.0803 10.3898 10.0081 28.4088 35.0741 20.7959 34.3059 23.4339 23.9362 19.0199 21.908 18.1346 21.0321 25.4983 22.6944 26.7654 25.17 24.8635 24.0144 24.6509 26.9993 18.7372 19.3552 21.0637 20.72 18.2326 18.8026 25.0911 35.0089 24.9557 19.3358 24.3493 20.7708 7.66848 30.8327
11.753 11.2388 12.4599 13.748 9.20521 16.4167 19.6654 23.4239 22.9419 23.7927 20.6602 23.4927 25.0268 27.2322 5.85759 5.03238 5.37144 5.95032 2.7899 1.19156 0 1.35818 18.9222 21.1403 16.6904 19.5295 10.4141 10.8416 33.3108 33.6691 25.6456 31.4019 25.5689 24.5415 21.9524 22.4425 20.8392 20.4924 22.7534 21.9432 25.1496 22.9443 25.8437 22.822 25.7303 24.7788 16.01 18.9305 18.0872 19.4678 18.9252 19.7809 24.9849 37.3984 22.3798 16.7622 22.1297 20.3871 8.37643 36.545
11.5185 12.955 13.437 14.527 10.6089 14.8311 21.1556 19.6203 23.5141 23.1918 21.8728 22.8639 23.9823 23.9075 6.50145 5.41268 5.44856 5.47826 4.03763 2.46405 1.35818 0 19.7506 22.134 18.2216 17.9704 11.8762 12.6162 33.1359 37.1413 24.3817 33.7961 24.2509 21.0692 21.3034 22.7636 20.0285 19.4155 23.1046 22.7736 22.2917 21.6395 22.6005 25.1241 22.9153 23.9126 16.7689 16.0131 17.3079 16.7133 19.866 19.8721 25.7084 36.6858 21.9877 15.4643 22.8818 19.8128 11.2229 37.3492
9.73539 8.29226 7.71652 7.97915 8.2276 5.89248 35.6977 38.2968 34.4922 35.8777 36.104 34.0768 37.9183 40.2091 21.9701 21.8286 21.0627 20.9709 17.6233 16.9504 18.9222 19.7506 0 2.70492 2.46221 3.88536 13.456 10.5209 13.0696 15.6258 6.04206 34.1867 10.6027 35.3341 29.1197 29.0675 29.5834 24.9688 29.1427 28.814 29.1974 31.1263 18.5654 21.8518 22.9436 21.8155 30.2316 29.6859 32.5058 29.4265 10.4003 1.67984 6.1715 34.0645 22.8734 32.6756 10.9835 23.2655 12.4614 17.0299
9.62985 9.27854 8.82882 8.95019 9.52948 7.00785 34.208 40.3541 39.1652 37.7156 35.967 37.2849 39.8488 34.2617 23.5465 26.7485 24.0346 26.8882 20.7703 20.0871 21.1403 22.134 2.70492 0 3.49365 2.77119 15.271 13.6437 13.2416 12.5505 5.48328 33.4871 9.31637 34.0261 32.2594 31.8095 31.964 30.5105 31.2098 31.6222 29.6538 29.0982 20.393 18.7529 19.3733 21.281 33.064 35.2393 33.0211 37.0602 12.9723 1.06838 4.7963 37.8163 21.8993 33.7338 9.82585 19.8322 15.7662 13.6454
6.30886 6.15893 6.0326 5.59519 5.94542 3.89823 34.3479 33.6725 34.7288 39.0419 28.674 32.8314 34.1206 31.2014 19.6148 22.8362 20.2139 21.7174 17.0258 16.4517 16.6904 18.2216 2.46221 3.49365 0 2.40015 12.0276 10.5323 17.3772 16.9673 8.077 29.9998 10.2474 28.5562 30.5605 30.1323 28.6227 27.4388 28.5003 28.8732 29.4333 26.3839 17.3172 18.9431 17.3593 19.33 30.2422 31.868 28.5769 28.6532 12.158 2.45575 8.87724 31.5833 20.4206 33.1075 9.84396 21.3404 11.9197 18.3689
7.97901 7.37313 8.23302 6.60036 9.18897 4.73924 31.8133 32.7322 38.8091 35.5045 30.7164 31.5443 37.0652 37.323 22.2179 22.0797 23.994 25.6134 16.5166 17.0803 19.5295 17.9704 3.88536 2.77119 2.40015 0 17.1436 13.1378 14.4161 17.4306 8.14836 30.7856 8.36687 30.3806 33.1334 30.6244 32.4936 31.6539 25.8042 25.7298 27.6499 30.6802 18.5727 18.5403 18.2343 19.2543 34.5261 29.6203 31.6935 30.4713 12.2958 2.6085 7.15254 32.1487 17.8694 33.0188 7.03137 17.4859 16.6554 15.3503
12.9821 13.3611 12.7305 15.183 11.239 14.2039 33.5723 31.8594 35.2299 34.3203 29.8385 30.3792 34.2747 38.6298 12.0023 12.9239 12.2276 14.9973 9.43244 10.3898 10.4141 11.8762 13.456 15.271 12.0276 17.1436 0 2.70264 23.4372 27.0788 15.637 42.8183 23.3164 35.2161 15.4015 15.4457 14.9873 15.3572 35.2319 31.4685 33.181 33.9796 27.5201 31.1322 30.8747 27.8344 27.8318 27.5104 30.4205 31.0086 8.71521 13.0781 19.8287 41.7331 26.9278 29.0446 20.923 27.2501 1.97574 29.6249
10.4949 11.0607 12.2201 13.6831 8.18021 11.8759 30.2076 33.6443 35.6294 33.207 32.8451 33.678 35.7934 35.988 13.0907 12.7099 14.6886 14.719 9.8956 10.0081 10.8416 12.6162 10.5209 13.6437 10.5323 13.1378 2.70264 0 22.0307 23.4403 14.3932 38.3382 22.9846 35.2404 17.5753 15.6327 16.643 15.4268 32.4513 33.7025 34.9943 30.7932 25.1005 26.7308 29.6657 28.139 26.6678 29.6313 27.8249 32.4084 6.32337 10.9808 16.7614 40.7503 26.7468 28.5479 21.1776 24.8388 3.01146 26.497
24.8611 21.3842 21.2856 22.6789 23.3925 21.0497 51.38 45.4399 48.2458 47.5758 49.7107 51.3167 50.5108 47.9963 33.2264 35.735 37.9941 35.9484 31.3564 28.4088 33.3108 33.1359 13.0696 13.2416 17.3772 14.4161 23.4372 22.0307 0 2.62533 7.07047 42.1752 18.8954 44.0195 34.5389 36.5446 35.8082 34.7461 40.0334 46.5878 43.3319 40.8887 31.739 28.8175 32.4455 32.2062 44.537 49.6121 46.3614 50.5469 15.59 14.57 7.84334 41.1766 33.35 50.8846 18.7844 33.5764 22.818 6.18403
22.3584 22.2143 23.4897 23.7888 22.4845 20.9049 50.6392 55.8562 56.6692 52.3404 43.9186 51.4158 51.4148 56.4231 39.7168 36.3809 34.2455 40.0395 29.6306 35.0741 33.6691 37.1413 15.6258 12.5505 16.9673 17.4306 27.0788 23.4403 2.62533 0 9.27669 45.6971 17.4714 46.8047 35.9521 34.9002 37.2489 39.3679 46.311 43.8649 40.6929 46.4952 31.1372 32.3628 29.1249 33.2174 49.9694 50.878 48.5833 43.0163 17.1042 15.9516 10.094 40.9894 33.2948 50.1689 18.2624 35.5944 28.7984 5.14464
15.5249 14.6604 15.7631 14.6337 13.4385 12.3365 45.74 38.9599 41.5969 48.7112 37.2912 44.3049 38.0372 45.601 24.6475 27.562 25.9837 27.0042 20.7805 20.7959 25.6456 24.3817 6.04206 5.48328 8.077 8.14836 15.637 14.3932 7.07047 9.27669 0 33.4961 13.2174 40.8099 27.1144 28.2996 27.0031 26.7417 35.7052 39.7376 34.6357 38.9782 25.1692 22.8425 27.1164 27.9536 39.9749 36.4126 35.8396 39.4703 10.299 5.63413 2.87706 43.4389 28.2055 40.8358 14.8157 25.5865 18.6008 11.5975
28.4343 28.2872 26.8197 27.0104 27.8009 24.9674 25.1404 25.623 25.6021 28.0842 21.674 21.9624 20.893 21.7547 34.9059 36.5977 34.2352 33.1076 32.9462 34.3059 31.4019 33.7961 34.1867 33.4871 29.9998 30.7856 42.8183 38.3382 42.1752 45.6971 33.4961 0 23.7866 20.0209 53.6777 53.0026 52.6871 56.6217 14.1689 14.1428 13.5385 14.3789 12.3398 12.986 11.9314 11.8283 25.3785 26.1326 27.5716 25.3737 37.9649 31.2446 36.1508 5.05204 12.0782 40.9698 23.0747 10.7686 35.2402 40.1437
14.2109 11.9277 12.0651 12.1296 14.4148 10.661 34.5598 39.736 34.9775 38.4818 30.435 31.507 36.0513 38.8039 32.2368 30.5711 28.1722 32.6483 23.2595 23.4339 25.5689 24.2509 10.6027 9.31637 10.2474 8.36687 23.3164 22.9846 18.8954 17.4714 13.2174 23.7866 0 30.1852 40.9772 39.2769 35.3479 40.3737 24.9797 28.8908 26.0492 27.6985 13.6502 12.9509 13.2157 12.4389 31.4341 34.4003 31.569 31.6174 21.6822 9.16875 10.1487 25.4955 14.4814 40.2248 1.78887 16.2694 23.2358 13.2609
21.9283 26.0861 24.5959 25.6873 23.4502 28.4273 8.68901 8.23531 8.70791 8.67932 2.66594 3.18641 3.26688 4.33643 28.388 26.5155 24.7631 21.3898 22.4319 23.9362 24.5415 21.0692 35.3341 34.0261 28.5562 30.3806 35.2161 35.2404 44.0195 46.8047 40.8099 20.0209 30.1852 0 43.3517 41.2785 39.763 39.6492 5.00273 6.41683 5.2439 6.16179 18.2141 20.081 17.7963 19.7321 9.67307 8.21907 9.66029 8.31081 39.2811 31.4161 34.0166 24.6971 17.8031 18.2605 29.9027 16.2277 31.6266 48.7633
28.8395 27.4515 26.236 28.7483 24.5627 32.4723 41.1363 44.4632 42.0825 44.9493 44.9073 44.3867 48.3668 46.2579 17.3385 17.6194 19.0681 21.0984 19.8836 19.0199 21.9524 21.3034 29.1197 32.2594 30.5605 33.1334 15.4015 17.5753 34.5389 35.9521 27.1144 53.6777 40.9772 43.3517 0 1.04059 1.03539 1.28098 41.0854 45.7049 43.789 49.0116 42.1478 47.0941 45.2834 48.2054 34.0509 36.2248 37.6943 35.0259 19.9561 31.2485 30.4883 56.2403 43.2585 32.3534 34.7099 43.5142 16.3753 39.1921
24.9407 27.3315 27.6632 28.2686 25.131 31.4858 41.0928 37.9287 41.9589 40.9641 41.2719 44.4142 46.2829 43.7398 16.1006 16.9777 17.5756 22.1588 19.3021 21.908 22.4425 22.7636 29.0675 31.8095 30.1323 30.6244 15.4457 15.6327 36.5446 34.9002 28.2996 53.0026 39.2769 41.2785 1.04059 0 1.30716 0.92196 43.1541 42.6476 44.0456 42.1756 40.5204 43.3364 38.9795 40.0769 40.3149 34.6243 40.4865 36.9793 20.0013 25.5432 31.3259 54.1796 42.3277 31.0035 33.8245 41.6165 15.6701 42.7671
25.383 29.6242 29.1886 26.2718 27.1999 31.3645 37.8955 40.4666 39.6952 41.5184 41.2591 43.2151 45.4831 49.4996 15.4811 16.5051 16.7142 19.3583 19.6701 18.1346 20.8392 20.0285 29.5834 31.964 28.6227 32.4936 14.9873 16.643 35.8082 37.2489 27.0031 52.6871 35.3479 39.763 1.03539 1.30716 0 1.07052 46.5039 46.9744 49.3801 43.8724 45.4212 41.4559 44.6273 40.3237 38.7574 35.3642 39.7892 35.2849 20.5718 27.2344 32.1198 60.2268 41.835 30.6762 35.9746 38.5527 14.9437 36.7223
28.4589 26.4795 25.1172 28.0628 26.6803 25.9138 39.216 38.9736 40.8696 42.1962 41.822 43.4122 44.7974 43.8393 15.8095 16.1487 19.1372 20.457 18.4368 21.0321 20.4924 19.4155 24.9688 30.5105 27.4388 31.6539 15.3572 15.4268 34.7461 39.3679 26.7417 56.6217 40.3737 39.6492 1.28098 0.92196 1.07052 0 47.5209 43.7939 40.5983 49.062 41.0576 45.6022 41.2144 47.0015 32.4531 32.8217 33.8164 40.5104 19.8951 25.601 28.9081 52.5298 43.6918 32.5737 38.0454 39.81 15.6447 41.2036
21.7794 22.3435 23.9012 20.3743 26.5576 23.9031 13.9685 13.2482 12.5769 13.0736 6.88641 8.28436 8.12317 8.18584 27.9316 24.6812 25.1184 27.74 27.1996 25.4983 22.7534 23.1046 29.1427 31.2098 28.5003 25.8042 35.2319 32.4513 40.0334 46.311 35.7052 14.1689 24.9797 5.00273 41.0854 43.1541 46.5039 47.5209 0 0.926569 0.964838 1.33386 14.8707 16.3979 14.1 17.3767 13.1798 13.5811 13.7898 11.663 37.8869 31.3707 38.098 17.9087 13.1968 23.6533 26.3235 12.0972 32.8612 42.6836
20.1867 20.7395 22.393 20.3455 23.7797 26.2408 13.4239 13.016 13.6904 14.6065 8.14024 9.21827 8.6379 9.55562 27.2197 27.3093 27.2033 24.8363 24.6359 22.6944 21.9432 22.7736 28.814 31.6222 28.8732 25.7298 31.4685 33.7025 46.5878 43.8649 39.7376 14.1428 28.8908 6.41683 45.7049 42.6476 46.9744 43.7939 0.926569 0 1.49265 0.928842 16.4639 15.5804 14.1769 14.4372 14.8295 14.1483 15.6025 14.2565 40.9035 32.8389 36.3827 18.1715 12.5296 26.6485 24.5026 10.7755 30.8153 44.2485
25.3815 22.3164 21.9624 21.1707 24.8269 27.1301 12.8312 13.0907 14.4392 12.4506 7.50079 7.52448 7.13538 8.90175 31.9239 30.3274 27.6764 28.3072 27.9499 26.7654 25.1496 22.2917 29.1974 29.6538 29.4333 27.6499 33.181 34.9943 43.3319 40.6929 34.6357 13.5385 26.0492 5.2439 43.789 44.0456 49.3801 40.5983 0.964838 1.49265 0 0.959924 17.697 17.2834 17.241 16.7076 13.8874 12.7005 14.7913 11.6347 37.6957 32.3347 39.4972 17.6596 12.3337 25.3674 25.8553 12.1233 34.0908 38.667
21.1347 23.5584 25.0585 23.5708 24.6563 25.6535 13.4643 13.4493 14.6806 15.7313 8.92746 8.87288 8.5012 9.6473 27.3947 29.4414 26.445 26.7952 29.6489 25.17 22.9443 21.6395 31.1263 29.0982 26.3839 30.6802 33.9796 30.7932 40.8887 46.4952 38.9782 14.3789 27.6985 6.16179 49.0116 42.1756 43.8724 49.062 1.33386 0.928842 0.959924 0 17.2323 16.6237 16.2469 15.0811 16.2152 14.2246 16.0774 12.7053 40.7167 33.7966 35.3737 18.2881 13.6223 26.0205 23.8502 11.7368 34.4937 41.9213
15.4725 14.7478 12.9558 13.3139 19.1941 13.9632 29.137 29.2075 29.7176 31.5517 20.3732 23.726 25.0017 23.369 30.9299 31.277 28.2236 29.9153 26.6777 24.8635 25.8437 22.6005 18.5654 20.393 17.3172 18.5727 27.5201 25.1005 31.739 31.1372 25.1692 12.3398 13.6502 18.2141 42.1478 40.5204 45.4212 41.0576 14.8707 16.4639 17.697 17.2323 0 1.02395 1.01123 1.54068 25.0031 23.8468 23.9527 23.3551 30.5509 19.5649 24.1676 16.8956 3.10612 32.2374 11.207 4.43093 27.5018 28.23
16.6648 15.7024 14.8496 14.702 19.468 16.0463 30.4176 31.079 26.3237 29.3375 22.0756 23.2179 26.4763 26.0244 32.1366 28.7972 29.1034 26.8385 25.0597 24.0144 22.822 25.1241 21.8518 18.7529 18.9431 18.5403 31.1322 26.7308 28.8175 32.3628 22.8425 12.986 12.9509 20.081 47.0941 43.3364 41.4559 45.6022 16.3979 15.5804 17.2834 16.6237 1.02395 0 1.28931 1.00195 28.0554 27.4603 29.0096 25.8987 32.9645 20.5957 20.6185 16.6939 3.90465 32.6606 11.0848 4.80664 28.8614 28.6351
17.3632 14.2542 14.9243 16.1503 17.7342 16.9521 24.2041 24.4291 28.7832 28.2827 23.0243 23.4533 24.5504 25.8273 31.8535 31.6393 30.9258 26.7238 26.7821 24.6509 25.7303 22.9153 22.9436 19.3733 17.3593 18.2343 30.8747 29.6657 32.4455 29.1249 27.1164 11.9314 13.2157 17.7963 45.2834 38.9795 44.6273 41.2144 14.1 14.1769 17.241 16.2469 1.01123 1.28931 0 0.929732 26.2203 25.2575 26.7287 24.9049 30.6626 19.6834 24.5713 14.77 2.51707 31.6158 12.2455 3.43715 26.2585 29.5755
16.3892 14.6382 15.6532 16.3541 18.9375 15.829 27.0191 28.9455 25.8238 30.1205 24.4299 25.3194 26.0221 22.6996 32.1534 32.9535 32.9549 28.0316 25.7121 26.9993 24.7788 23.9126 21.8155 21.281 19.33 19.2543 27.8344 28.139 32.2062 33.2174 27.9536 11.8283 12.4389 19.7321 48.2054 40.0769 40.3237 47.0015 17.3767 14.4372 16.7076 15.0811 1.54068 1.00195 0.929732 0 24.9972 24.4347 28.2298 24.1264 30.5968 19.6142 25.6176 16.7953 3.13161 32.5872 11.3412 4.41629 25.8623 27.0485
22.0145 25.4608 22.6512 22.6671 25.408 28.2589 4.29356 4.9329 6.7859 7.48239 7.91038 7.29978 8.99254 9.92362 18.3399 19.4369 17.1789 16.8856 19.1865 18.7372 16.01 16.7689 30.2316 33.064 30.2422 34.5261 27.8318 26.6678 44.537 49.9694 39.9749 25.3785 31.4341 9.67307 34.0509 40.3149 38.7574 32.4531 13.1798 14.8295 13.8874 16.2152 25.0031 28.0554 26.2203 24.9972 0 1.03536 0.960175 1.4326 32.7434 35.5138 35.8419 31.8055 24.8077 9.95703 35.0164 22.1659 29.3658 43.0358
21.1431 24.0265 24.9856 23.557 22.2529 27.4845 4.1 5.85551 7.11052 8.44346 6.78748 7.24929 8.40817 8.53174 21.3899 17.2338 18.329 16.9684 19.2455 19.3552 18.9305 16.0131 29.6859 35.2393 31.868 29.6203 27.5104 29.6313 49.6121 50.878 36.4126 26.1326 34.4003 8.21907 36.2248 34.6243 35.3642 32.8217 13.5811 14.1483 12.7005 14.2246 23.8468 27.4603 25.2575 24.4347 1.03536 0 1.46238 1.06047 32.6553 29.6385 38.6412 30.7609 23.5977 10.9582 33.1345 20.6208 25.6408 48.4517
25.3232 26.1873 27.2809 25.0167 25.9388 25.4872 3.1856 4.68829 6.10617 6.87783 7.12021 7.36436 8.47103 9.41254 21.7638 17.9446 18.8161 18.6477 23.031 21.0637 18.0872 17.3079 32.5058 33.0211 28.5769 31.6935 30.4205 27.8249 46.3614 48.5833 35.8396 27.5716 31.569 9.66029 37.6943 40.4865 39.7892 33.8164 13.7898 15.6025 14.7913 16.0774 23.9527 29.0096 26.7287 28.2298 0.960175 1.46238 0 1.00798 38.5107 32.5858 39.8385 28.8229 24.8636 10.4854 29.9931 19.9182 25.8146 50.6916
23.72 23.2858 24.4978 26.3263 24.5469 27.41 2.99474 4.64979 6.0766 7.22136 5.70331 6.89988 7.43415 8.6477 19.1703 20.9481 19.6237 19.0836 19.4909 20.72 19.4678 16.7133 29.4265 37.0602 28.6532 30.4713 31.0086 32.4084 50.5469 43.0163 39.4703 25.3737 31.6174 8.31081 35.0259 36.9793 35.2849 40.5104 11.663 14.2565 11.6347 12.7053 23.3551 25.8987 24.9049 24.1264 1.4326 1.06047 1.00798 0 34.6092 36.1062 39.0821 32.6731 24.0755 11.4466 35.1162 22.6942 30.0025 44.4226
16.6824 15.0406 14.8315 15.3482 14.0293 14.998 40.6362 42.8044 39.1074 43.0788 40.5727 41.7128 38.8487 38.7359 19.2362 20.1156 20.5166 23.8441 18.2751 18.2326 18.9252 19.866 10.4003 12.9723 12.158 12.2958 8.71521 6.32337 15.59 17.1042 10.299 37.9649 21.6822 39.2811 19.9561 20.0013 20.5718 19.8951 37.8869 40.9035 37.6957 40.7167 30.5509 32.9645 30.6626 30.5968 32.7434 32.6553 38.5107 34.6092 0 11.0177 12.964 43.0526 28.978 38.7122 22.7168 32.1324 9.18147 20.7341
10.2853 8.41325 8.23319 9.01602 9.29206 6.11881 32.9108 38.6764 36.6892 40.8261 31.299 35.0864 32.5942 34.6676 21.2058 22.2385 25.2138 23.8 19.4114 18.8026 19.7809 19.8721 1.67984 1.06838 2.45575 2.6085 13.0781 10.9808 14.57 15.9516 5.63413 31.2446 9.16875 31.4161 31.2485 25.5432 27.2344 25.601 31.3707 32.8389 32.3347 33.7966 19.5649 20.5957 19.6834 19.6142 35.5138 29.6385 32.5858 36.1062 11.0177 0 5.697 32.4589 19.3272 39.7142 10.2574 20.3575 14.6887 14.2582
15.7131 13.5763 15.286 13.4415 15.6821 11.124 38.0507 38.7879 42.0581 47.0309 41.0929 40.2184 41.8029 44.5283 30.0414 26.0789 27.1821 27.0706 25.4319 25.0911 24.9849 25.7084 6.1715 4.7963 8.87724 7.15254 19.8287 16.7614 7.84334 10.094 2.87706 36.1508 10.1487 34.0166 30.4883 31.3259 32.1198 28.9081 38.098 36.3827 39.4972 35.3737 24.1676 20.6185 24.5713 25.6176 35.8419 38.6412 39.8385 39.0821 12.964 5.697 0 35.1487 22.6575 43.4812 11.2414 26.348 17.9658 9.40909
33.6192 31.9932 32.0535 30.7018 30.5579 30.294 30.2932 30.0122 33.0426 31.4292 26.1891 25.7332 24.5175 25.4301 41.419 44.5007 43.5643 43.6351 37.681 35.0089 37.3984 36.6858 34.0645 37.8163 31.5833 32.1487 41.7331 40.7503 41.1766 40.9894 43.4389 5.05204 25.4955 24.6971 56.2403 54.1796 60.2268 52.5298 17.9087 18.1715 17.6596 18.2881 16.8956 16.6939 14.77 16.7953 31.8055 30.7609 28.8229 32.6731 43.0526 32.4589 35.1487 0 17.0555 40.8535 27.4088 17.1516 41.6653 38.2074
16.0579 15.9999 13.5828 15.6044 17.0345 16.185 21.9401 23.8961 25.8675 24.1084 20.7517 19.4551 19.2149 23.2583 27.9695 29.6541 27.0317 27.131 22.9287 24.9557 22.3798 21.9877 22.8734 21.8993 20.4206 17.8694 26.9278 26.7468 33.35 33.2948 28.2055 12.0782 14.4814 17.8031 43.2585 42.3277 41.835 43.6918 13.1968 12.5296 12.3337 13.6223 3.10612 3.90465 2.51707 3.13161 24.8077 23.5977 24.8636 24.0755 28.978 19.3272 22.6575 17.0555 0 33.0516 14.7267 1.35731 27.7351 31.5082
25.7666 29.0272 27.3985 29.6534 27.9551 29.3895 14.3738 13.8393 13.8727 16.8286 17.3051 18.0436 17.7651 18.9766 18.0112 16.7126 14.7984 13.6807 18.8904 19.3358 16.7622 15.4643 32.6756 33.7338 33.1075 33.0188 29.0446 28.5479 50.8846 50.1689 40.8358 40.9698 40.2248 18.2605 32.3534 31.0035 30.6762 32.5737 23.6533 26.6485 25.3674 26.0205 32.2374 32.6606 31.6158 32.5872 9.95703 10.9582 10.4854 11.4466 38.7122 39.7142 43.4812 40.8535 33.0516 0 38.7681 29.0575 26.648 53.0976
12.7274 11.5235 10.4227 9.65665 13.9509 8.77896 37.5181 32.8901 35.1214 39.7073 29.4695 33.6937 34.6465 33.2156 29.6244 27.7769 29.7113 30.3931 22.8669 24.3493 22.1297 22.8818 10.9835 9.82585 9.84396 7.03137 20.923 21.1776 18.7844 18.2624 14.8157 23.0747 1.78887 29.9027 34.7099 33.8245 35.9746 38.0454 26.3235 24.5026 25.8553 23.8502 11.207 11.0848 12.2455 11.3412 35.0164 33.1345 29.9931 35.1162 22.7168 10.2574 11.2414 27.4088 14.7267 38.7681 0 16.2874 20.617 15.0331
14.2456 16.7672 13.6712 14.8992 19.9028 17.4314 24.8243 23.1815 24.871 22.8886 18.88 18.6713 17.3986 18.9435 26.299 28.2289 24.9879 27.5042 22.5187 20.7708 20.3871 19.8128 23.2655 19.8322 21.3404 17.4859 27.2501 24.8388 33.5764 35.5944 25.5865 10.7686 16.2694 16.2277 43.5142 41.6165 38.5527 39.81 12.0972 10.7755 12.1233 11.7368 4.43093 4.80664 3.43715 4.41629 22.1659 20.6208 19.9182 22.6942 32.1324 20.3575 26.348 17.1516 1.35731 29.0575 16.2874 0 29.0772 33.0026
11.3334 11.1236 11.3457 13.5145 9.78289 14.3777 29.9077 33.4736 30.1643 31.1503 31.1551 34.7743 34.6326 36.0786 10.1738 10.9567 12.7831 14.0144 7.06858 7.66848 8.37643 11.2229 12.4614 15.7662 11.9197 16.6554 1.97574 3.01146 22.818 28.7984 18.6008 35.2402 23.2358 31.6266 16.3753 15.6701 14.9437 15.6447 32.8612 30.8153 34.0908 34.4937 27.5018 28.8614 26.2585 25.8623 29.3658 25.6408 25.8146 30.0025 9.18147 14.6887 17.9658 41.6653 27.7351 26.648 20.617 29.0772 0 28.9696
24.4224 23.0399 23.4909 23.9761 22.855 19.8313 53.698 51.7021 49.6329 50.4994 45.7157 49.6286 45.9352 48.4411 38.9517 39.9943 36.2487 42.5528 30.5718 30.8327 36.545 37.3492 17.0299 13.6454 18.3689 15.3503 29.6249 26.497 6.18403 5.14464 11.5975 40.1437 13.2609 48.7633 39.1921 42.7671 36.7223 41.2036 42.6836 44.2485 38.667 41.9213 28.23 28.6351 29.5755 27.0485 43.0358 48.4517 50.6916 44.4226 20.7341 14.2582 9.40909 38.2074 31.5082 53.0976 15.0331 33.0026 28.9696 0
