5
16
0 2.45794 20.8392 21.968 23.3165 24.1017 24.1863 23.1566 25.672 26.6386 9.3956 11.2904 11.7142 11.2445 8.46049 13.616
2.45794 0 17.6749 19.3887 20.9535 21.2781 23.5112 22.2619 23.4216 24.5654 7.14603 9.05421 9.40587 9.62765 5.25598 10.4883
20.8392 17.6749 0 1.29002 2.45539 3.56089 5.19571 5.39129 5.67682 7.23756 10.9119 10.7853 8.94612 8.65854 12.5311 9.38977
21.968 19.3887 1.29002 0 1.30043 2.31212 5.65108 5.4529 5.92797 5.88803 11.1681 10.1697 9.34342 10.4248 12.9426 11.657
23.3165 20.9535 2.45539 1.30043 0 1.29524 5.43618 5.25116 5.4226 5.89734 11.0649 12.407 11.646 10.437 15.5632 12.1369
24.1017 21.2781 3.56089 2.31212 1.29524 0 7.26792 6.06288 5.44538 5.88274 12.4883 13.8 13.2142 13.1763 16.6451 12.5819
24.1863 23.5112 5.19571 5.65108 5.43618 7.26792 0 1.35191 2.77957 3.7962 13.8702 12.8739 14.3422 13.5125 16.584 14.2477
23.1566 22.2619 5.39129 5.4529 5.25116 6.06288 1.35191 0 1.21457 2.46645 14.7591 15.7527 14.9162 13.2628 17.8575 14.4921
25.672 23.4216 5.67682 5.92797 5.4226 5.44538 2.77957 1.21457 0 1.27579 17.5661 16.088 15.5184 14.1452 18.5554 16.3941
26.6386 24.5654 7.23756 5.88803 5.89734 5.88274 3.7962 2.46645 1.27579 0 18.0691 15.2261 15.0425 14.3162 21.0582 16.5378
9.3956 7.14603 10.9119 11.1681 11.0649 12.4883 13.8702 14.7591 17.5661 18.0691 0 0.705789 1.19863 2.03875 2.62518 3.91825
11.2904 9.05421 10.7853 10.1697 12.407 13.8 12.8739 15.7527 16.088 15.2261 0.705789 0 0.619664 1.42652 2.72445 3.27754
11.7142 9.40587 8.94612 9.34342 11.646 13.2142 14.3422 14.9162 15.5184 15.0425 1.19863 0.619664 0 0.693733 3.32177 3.2126
11.2445 9.62765 8.65854 10.4248 10.437 13.1763 13.5125 13.2628 14.1452 14.3162 2.03875 1.42652 0.693733 0 4.25913 2.37743
8.46049 5.25598 12.5311 12.9426 15.5632 16.6451 16.584 17.8575 18.5554 21.0582 2.62518 2.72445 3.32177 4.25913 0 5.34658
13.616 10.4883 9.38977 11.657 12.1369 12.5819 14.2477 14.4921 16.3941 16.5378 3.91825 3.27754 3.2126 2.37743 5.34658 0
