8
16
0 2.38268 18.4734 19.4813 20.6504 20.3189 24.9701 27.6452 26.9894 29.0817 10.8404 9.47181 9.95233 10.9811 8.38092 11.5686
2.38268 0 18.4833 17.3974 20.6493 20.2298 20.266 21.6871 23.79 24.5161 8.17135 7.79729 9.65641 9.90928 5.77747 9.54451
18.4734 18.4833 0 1.38137 2.53456 4.11674 5.18649 6.06891 6.25095 6.37958 10.0218 9.44579 8.56346 9.11108 13.0597 9.13289
19.4813 17.3974 1.38137 0 1.29691 2.56928 5.10331 5.14678 6.09824 6.375 11.9632 11.4732 10.7694 10.573 14.953 11.8149
20.6504 20.6493 2.53456 1.29691 0 1.23262 6.36337 5.39079 5.2295 5.95036 12.7678 11.4371 12.2438 11.7372 13.2122 13.0211
20.3189 20.2298 4.11674 2.56928 1.23262 0 7.26659 6.3618 5.22758 4.94109 12.4691 13.7643 11.2906 12.9218 14.8459 14.4607
24.9701 20.266 5.18649 5.10331 6.36337 7.26659 0 1.36151 2.754 4.07788 15.3866 15.0293 15.0588 12.9607 18.4478 13.9526
27.6452 21.6871 6.06891 5.14678 5.39079 6.3618 1.36151 0 1.30257 2.31234 14.33 13.7486 13.4563 14.2982 18.2121 15.256
26.9894 23.79 6.25095 6.09824 5.2295 5.22758 2.754 1.30257 0 1.33087 15.5344 14.7047 14.7485 14.6393 16.7887 14.8196
29.0817 24.5161 6.37958 6.375 5.95036 4.94109 4.07788 2.31234 1.33087 0 16.0481 17.3881 16.6945 14.3409 17.434 14.3217
10.8404 8.17135 10.0218 11.9632 12.7678 12.4691 15.3866 14.33 15.5344 16.0481 0 0.670456 1.23316 2.1242 2.71347 3.64578
9.47181 7.79729 9.44579 11.4732 11.4371 13.7643 15.0293 13.7486 14.7047 17.3881 0.670456 0 0.68147 1.4084 2.96709 3.765
9.95233 9.65641 8.56346 10.7694 12.2438 11.2906 15.0588 13.4563 14.7485 16.6945 1.23316 0.68147 0 0.601276 3.5161 3.17608
10.9811 9.90928 9.11108 10.573 11.7372 12.9218 12.9607 14.2982 14.6393 14.3409 2.1242 1.4084 0.601276 0 4.07821 2.58737
8.38092 5.77747 13.0597 14.953 13.2122 14.8459 18.4478 18.2121 16.7887 17.434 2.71347 2.96709 3.5161 4.07821 0 5.1454
11.5686 9.54451 9.13289 11.8149 13.0211 14.4607 13.9526 15.256 14.8196 14.3217 3.64578 3.765 3.17608 2.58737 5.1454 0
