10
50
60
0 0.602893 1.32495 1.76914 2.59563 4.27023 27.2978 25.7895 25.9388 28.1855 22.2464 26.9635 25.0613 25.9527 16.929 14.8994 16.6348 16.0989 11.9176 11.7213 10.2112 11.2949 9.30492 9.78911 6.4197 8.93935 12.1712 12.1373 20.8065 23.3537 15.624 27.5388 12.9562 21.8661 28.4138 26.1974 28.7088 24.6692 20.1404 20.9863 22.5418 22.1709 16.2262 16.2228 16.0787 17.3789 21.3085 24.5184 25.9428 23.3334 16.4697 9.23473 16.3923 30.8475 15.2548 27.8083 11.6996 14.2395 11.0493 23.5526
0.602893 0 0.653517 1.31354 2.90972 3.82926 24.2264 25.2201 28.9043 27.4459 22.8734 26.8909 28.8268 27.8757 16.355 17.883 17.1897 17.7175 11.5401 11.1821 11.0982 13.018 9.04876 10.2976 6.22098 7.69004 14.5359 12.0058 20.5852 24.3436 16.1125 26.8373 14.0031 26.1954 29.5953 25.8305 29.0503 28.3333 22.4128 24.3733 21.3372 25.2225 16.0469 15.8479 15.2764 14.8674 24.957 24.5222 25.4348 24.7806 16.9366 9.73055 15.7373 28.8535 14.4014 29.3254 12.4803 14.9029 11.7367 23.7379
1.32495 0.653517 0 0.713447 3.42307 2.90526 27.7054 27.3503 27.5168 27.674 24.2761 25.1685 26.3273 25.9359 17.6642 16.9658 18.6853 17.993 11.5665 11.3307 11.3397 12.2353 7.84146 8.88178 5.78096 7.62267 13.0497 11.1034 21.7886 21.4253 15.963 25.0328 11.4563 25.3291 27.3387 30.1185 26.0564 29.6503 21.5905 20.5861 21.6506 22.8845 15.5223 16.0648 14.8491 15.733 26.2531 24.4482 26.4305 22.705 17.6379 8.9287 14.5668 31.7113 15.1589 31.3828 11.3874 13.8706 11.9738 23.8056
1.76914 1.31354 0.713447 0 3.76839 2.34218 29.1299 27.84 32.35 29.229 24.5351 24.3133 29.9894 27.2748 16.9278 18.3575 19.749 17.292 11.8711 12.0167 11.9533 13.6587 7.51847 8.62072 5.7355 7.43072 12.8439 13.0705 20.3068 23.0323 13.4474 23.1436 11.274 25.4099 28.714 26.7857 26.5553 27.71 22.2266 24.4496 21.9967 22.1129 13.8297 13.3356 14.2282 16.6959 23.4519 23.6662 26.0666 24.861 15.6175 8.0108 13.7386 33.2952 15.014 27.7838 9.84251 15.1099 14.0576 19.981
2.59563 2.90972 3.42307 3.76839 0 5.35265 25.1362 27.9618 30.202 31.3914 27.8288 27.69 29.3473 30.7339 14.643 15.5074 15.1064 16.3877 9.41927 10.2488 10.554 10.1487 8.42694 10.2112 6.16478 8.05255 10.4682 8.2534 22.7864 21.677 15.4117 26.3099 16.1564 26.6395 27.8103 27.2283 23.965 26.0531 25.5956 25.2843 26.0618 24.9216 17.484 20.2405 19.5021 19.9984 25.3403 23.784 25.0209 26.3013 14.2262 9.26876 14.3026 32.4746 18.3362 28.9815 13.1758 18.5774 9.12299 21.4517
4.27023 3.82926 2.90526 2.34218 5.35265 0 28.8178 33.2397 29.1525 30.5603 27.7251 26.7209 30.1683 33.5298 21.1959 20.6759 19.9535 20.1412 14.6818 13.3857 13.5721 14.5996 5.78352 6.30721 3.3171 4.25875 14.5671 12.4099 17.7329 20.2505 12.7406 24.0699 9.27868 26.5149 27.9528 27.9413 30.7759 26.1556 25.254 26.4094 25.2234 25.9317 13.3282 15.2722 15.7113 14.8576 24.6025 25.6897 26.1495 29.2935 14.327 6.02383 10.3864 28.3964 17.1021 31.4342 8.10248 17.1896 12.6612 19.2919
27.2978 24.2264 27.7054 29.1299 25.1362 28.8178 0 1.24595 2.30709 3.77949 5.28243 5.7294 6.07995 7.13092 22.095 24.922 21.2704 18.6311 24.9532 21.4259 22.5619 21.038 37.4483 40.3035 36.5485 33.5491 32.0849 30.5431 46.6487 53.2609 37.6984 25.2304 33.8491 8.76129 40.827 40.6684 36.0979 43.7862 13.9816 13.1582 12.0489 14.609 25.3439 28.5462 25.1371 28.5969 4.45244 4.51918 3.27296 3.20624 41.0681 34.3646 41.3637 30.2734 22.8024 13.4605 35.3442 24.16 30.356 53.8347
25.7895 25.2201 27.3503 27.84 27.9618 33.2397 1.24595 0 1.14317 2.45752 5.43828 5.01453 5.57817 6.08468 27.6724 24.5828 22.3684 20.9817 22.852 22.9726 24.8286 20.8477 39.0728 38.709 33.4052 35.1935 36.7224 36.3829 54.81 56.5498 40.687 25.2073 39.8518 7.70045 40.111 39.4017 39.7351 41.0891 13.88 14.9299 13.64 14.5995 26.1167 27.5558 26.9616 25.1991 5.6487 5.4221 4.46487 4.43379 37.705 40.2422 42.5396 27.9927 22.5954 15.2298 37.4506 21.7638 31.3688 51.2483
25.9388 28.9043 27.5168 32.35 30.202 29.1525 2.30709 1.14317 0 1.37673 5.71571 5.74598 5.55671 5.84615 25.5302 26.769 25.3804 23.6388 24.8323 23.9026 21.7519 24.378 40.385 37.1179 34.5868 36.3063 34.6239 38.9954 47.3002 55.5001 46.4411 30.1837 34.8566 8.53325 45.4302 39.8571 44.9104 44.7069 13.6074 14.3793 12.5296 15.1139 30.5362 31.5522 26.8845 31.1785 6.77981 6.4458 5.73688 6.24533 38.5335 41.6561 44.2126 30.9868 23.2233 16.1516 37.1862 25.6647 32.11 46.4865
28.1855 27.4459 27.674 29.229 31.3914 30.5603 3.77949 2.45752 1.37673 0 6.09775 6.4039 5.17901 5.35395 27.8956 24.1994 27.6499 23.4506 28.6151 27.9705 27.8061 25.9511 38.9301 41.7634 36.6058 39.9897 36.1767 40.4732 56.1331 56.7568 43.8772 26.5058 36.7291 9.41131 42.1202 45.3177 42.7875 44.9613 14.6628 15.2121 12.2125 13.561 28.1234 27.573 27.0848 28.3062 7.35749 8.40259 6.89595 7.0583 43.219 42.7562 43.4598 31.498 23.4784 15.3863 37.6443 22.9255 34.2699 54.4454
22.2464 22.8734 24.2761 24.5351 27.8288 27.7251 5.28243 5.43828 5.71571 6.09775 0 1.3345 2.30047 4.13024 26.6889 22.9159 21.4167 20.5822 26.5289 21.0432 21.4594 18.5142 33.8795 32.75 29.3825 33.7089 29.2791 35.1585 44.5966 50.8472 41.4837 22.339 32.0758 2.63369 41.9527 41.762 44.7096 40.0989 8.26053 8.56126 8.21887 8.74584 22.7272 21.9391 21.8419 22.4521 7.62856 6.8132 6.56662 5.40507 39.3805 33.0909 37.3108 24.7319 18.4559 16.3938 29.8519 17.7885 28.4624 50.6445
26.9635 26.8909 25.1685 24.3133 27.69 26.7209 5.7294 5.01453 5.74598 6.4039 1.3345 0 1.28327 2.44155 26.5523 26.1036 25.7308 23.436 27.7126 22.7528 24.7601 23.4297 37.1528 35.5919 33.5226 34.3163 36.0952 33.1869 49.0641 44.6053 42.3007 20.4394 35.4124 3.19751 47.8309 46.0181 41.7261 43.1306 7.30157 8.95835 8.06991 8.35515 21.9412 21.4351 20.1767 25.1032 7.53545 7.86678 6.76688 7.19182 43.325 31.993 39.4209 23.6577 21.344 19.1592 31.7548 18.9518 32.9775 50.7848
25.0613 28.8268 26.3273 29.9894 29.3473 30.1683 6.07995 5.57817 5.55671 5.17901 2.30047 1.28327 0 1.30036 29.1943 28.8999 25.9995 22.7418 27.414 25.3551 22.4955 24.9674 32.9073 39.5336 30.492 30.8375 36.9878 31.5349 52.6314 49.405 45.2796 22.3509 32.0186 3.38748 43.7889 47.0261 40.3678 43.5706 7.7291 9.01063 8.09964 9.26138 21.627 22.5014 20.9375 24.4246 9.2962 7.5688 8.81964 8.18212 38.1719 34.062 43.3934 24.1692 21.5615 18.956 30.4578 19.7181 33.9879 47.4491
25.9527 27.8757 25.9359 27.2748 30.7339 33.5298 7.13092 6.08468 5.84615 5.35395 4.13024 2.44155 1.30036 0 26.6615 27.5717 26.1559 25.3101 25.4844 28.5177 28.0004 25.2238 34.2172 39.617 34.6168 35.3238 33.3216 39.0692 51.7088 55.3724 40.7998 20.9116 36.8195 4.37096 47.2681 43.3393 45.0067 41.6579 9.08863 10.2706 8.59877 8.8679 23.603 27.3567 25.2768 26.6585 9.36835 10.1946 9.42199 8.21379 44.9356 39.4174 41.6459 25.4229 22.7472 20.679 36.8383 19.0759 37.0494 52.8315
16.929 16.355 17.6642 16.9278 14.643 21.1959 22.095 27.6724 25.5302 27.8956 26.6889 26.5523 29.1943 26.6615 0 1.18496 2.49321 3.73057 5.59158 5.26648 6.08934 6.54403 21.5834 26.2886 19.236 24.157 11.6681 12.2002 34.0941 36.3604 26.6417 40.5108 28.8053 27.5567 17.1272 16.914 16.8364 16.0454 29.3645 29.6985 30.5396 26.9088 32.0133 27.7646 30.142 33.097 21.9888 19.4073 22.2976 22.6484 21.276 22.3109 26.0434 44.7978 30.1179 15.7615 31.1988 29.9479 9.40748 40.2038
14.8994 17.883 16.9658 18.3575 15.5074 20.6759 24.922 24.5828 26.769 24.1994 22.9159 26.1036 28.8999 27.5717 1.18496 0 1.26916 2.5297 5.74909 5.03428 5.21981 5.48186 22.5855 24.7173 20.6329 23.8182 13.0906 15.3486 36.7381 40.2339 26.804 39.2541 29.6811 25.1073 17.7083 19.5946 18.4722 17.7976 28.8475 29.7974 29.4583 27.0606 29.1911 28.898 27.0135 30.2476 20.1784 17.352 21.4622 18.1151 21.2081 21.4115 28.4987 41.028 30.2739 17.3195 28.7884 26.9381 10.4853 34.3198
16.6348 17.1897 18.6853 19.749 15.1064 19.9535 21.2704 22.3684 25.3804 27.6499 21.4167 25.7308 25.9995 26.1559 2.49321 1.26916 0 1.26704 6.16201 4.9975 5.21457 5.9313 24.6037 27.0477 21.8755 25.5002 12.2512 13.8014 38.2789 36.682 27.6078 38.6576 27.2883 25.242 20.1431 19.9524 20.2393 16.5105 27.5079 28.3631 24.375 29.394 28.6559 29.1856 27.5029 28.2018 16.9518 15.9213 18.8194 19.5328 20.9112 21.7027 30.5408 40.2565 24.7049 14.5412 26.431 24.3478 11.5331 37.7998
16.0989 17.7175 17.993 17.292 16.3877 20.1412 18.6311 20.9817 23.6388 23.4506 20.5822 23.436 22.7418 25.3101 3.73057 2.5297 1.26704 0 7.03454 6.20302 6.05296 5.07087 24.9523 24.932 24.0141 23.9772 13.1273 15.9501 34.3873 40.7241 28.6316 33.1272 30.846 24.7352 21.1527 19.0237 21.6583 20.4417 25.0391 26.2863 27.8231 24.1559 28.0474 29.9175 27.3303 28.41 15.4018 15.3433 17.4256 17.5629 23.0549 26.0053 30.4483 42.0184 24.9361 12.4347 30.3435 27.2596 12.6082 36.9298
11.9176 11.5401 11.5665 11.8711 9.41927 14.6818 24.9532 22.852 24.8323 28.6151 26.5289 27.7126 27.414 25.4844 5.59158 5.74909 6.16201 7.03454 0 1.25879 2.28944 3.80257 17.754 20.7579 14.5359 19.0367 8.95718 9.98994 29.2872 32.9354 23.4682 35.204 25.6375 24.9157 20.861 19.631 20.1933 18.1519 26.93 25.2001 28.8698 28.8356 23.6908 24.0554 23.3676 26.2851 19.1302 20.2242 19.2565 22.4032 16.7704 17.962 21.1994 36.3625 25.6865 21.1641 22.6119 23.6867 7.48007 29.7708
11.7213 11.1821 11.3307 12.0167 10.2488 13.3857 21.4259 22.9726 23.9026 27.9705 21.0432 22.7528 25.3551 28.5177 5.26648 5.03428 4.9975 6.20302 1.25879 0 1.29584 2.36637 16.8142 19.2821 14.5251 17.9559 10.8617 10.1065 28.9677 31.8061 24.4685 31.7196 26.4004 22.7517 21.1132 18.8558 19.7112 18.0938 25.8596 25.9251 23.0478 24.2223 25.2717 25.4085 22.4926 26.2498 18.1568 19.6546 18.4431 17.7055 16.1016 19.6963 24.3771 41.3312 22.5048 19.1366 25.5491 21.017 7.68091 35.5862
10.2112 11.0982 11.3397 11.9533 10.554 13.5721 22.5619 24.8286 21.7519 27.8061 21.4594 24.7601 22.4955 28.0004 6.08934 5.21981 5.21457 6.05296 2.28944 1.29584 0 1.33526 18.7829 18.6503 16.4023 18.9726 12.2307 11.6804 30.0652 32.3867 25.7385 32.9211 23.2693 23.3728 21.8449 21.5493 18.8793 22.3466 23.5679 25.0455 24.7925 24.4178 25.0783 25.1197 25.8004 27.3816 18.4791 18.3411 17.5005 16.7049 19.9695 20.7302 23.7646 37.372 21.8385 16.2287 25.1195 20.3007 9.49591 32.942
11.2949 13.018 12.2353 13.6587 10.1487 14.5996 21.038 20.8477 24.378 25.9511 18.5142 23.4297 24.9674 25.2238 6.54403 5.48186 5.9313 5.07087 3.80257 2.36637 1.33526 0 18.5643 18.796 16.0839 19.826 13.4639 11.9729 33.8228 30.8105 25.3396 32.9091 22.5913 20.7376 24.1176 20.1399 21.6586 20.819 21.6763 22.1525 23.3148 22.3437 22.043 25.0021 23.8507 24.3095 15.8982 16.5624 18.7666 18.2978 18.5335 17.6557 26.8226 35.1587 21.4115 17.9447 21.7881 20.897 10.0335 35.4336
9.30492 9.04876 7.84146 7.51847 8.42694 5.78352 37.4483 39.0728 40.385 38.9301 33.8795 37.1528 32.9073 34.2172 21.5834 22.5855 24.6037 24.9523 17.754 16.8142 18.7829 18.5643 0 2.69807 2.69824 3.6381 12.168 10.8243 12.5752 14.4738 5.67182 31.4945 11.9358 30.4395 25.3223 27.3104 25.1793 27.2305 30.3773 30.6998 29.7221 30.4184 19.9618 21.9202 21.144 21.332 29.4562 32.7505 34.8164 30.5794 10.0839 1.59665 7.11222 34.6515 20.9627 38.2957 10.7224 20.7058 12.2381 14.2308
9.78911 10.2976 8.88178 8.62072 10.2112 6.30721 40.3035 38.709 37.1179 41.7634 32.75 35.5919 39.5336 39.617 26.2886 24.7173 27.0477 24.932 20.7579 19.2821 18.6503 18.796 2.69807 0 3.86824 2.41606 15.0985 12.9468 13.3718 14.8254 5.48218 30.2818 8.94136 34.2744 32.3571 28.7271 28.3724 31.7597 30.3868 29.2108 30.7262 28.7227 17.9936 19.2479 19.0133 19.7634 35.0504 34.2999 33.6439 36.4169 10.9685 1.08008 4.85724 38.0884 21.9274 37.9531 9.56561 21.6493 14.382 13.0978
6.4197 6.22098 5.78096 5.7355 6.16478 3.3171 36.5485 33.4052 34.5868 36.6058 29.3825 33.5226 30.492 34.6168 19.236 20.6329 21.8755 24.0141 14.5359 14.5251 16.4023 16.0839 2.69824 3.86824 0 2.64937 12.7323 11.1388 17.3606 18.3618 8.98791 27.07 9.40556 28.401 27.7301 29.1638 27.0348 25.1596 26.3958 29.7477 28.8094 27.4256 18.6879 16.6129 19.7729 17.6752 32.3377 29.7307 33.1051 32.9488 12.214 2.76897 9.09159 32.4717 20.7249 35.501 10.0881 20.5509 11.8437 16.595
8.93935 7.69004 7.62267 7.43072 8.05255 4.25875 33.5491 35.1935 36.3063 39.9897 33.7089 34.3163 30.8375 35.3238 24.157 23.8182 25.5002 23.9772 19.0367 17.9559 18.9726 19.826 3.6381 2.41606 2.64937 0 15.333 13.9134 14.4343 17.082 7.41169 27.2353 8.25735 33.453 33.7751 28.666 27.833 29.5844 28.4679 28.764 31.3559 30.8628 15.8615 18.8757 18.5162 16.3696 28.7568 31.9737 31.8999 29.3427 14.1761 2.4632 6.34173 35.934 16.9071 34.4832 7.73667 20.5858 15.3148 14.6583
12.1712 14.5359 13.0497 12.8439 10.4682 14.5671 32.0849 36.7224 34.6239 36.1767 29.2791 36.0952 36.9878 33.3216 11.6681 13.0906 12.2512 13.1273 8.95718 10.8617 12.2307 13.4639 12.168 15.0985 12.7323 15.333 0 2.59996 22.6118 27.672 17.2214 40.3216 22.7978 35.9988 14.9868 15.7984 16.5866 14.1108 32.8869 32.2812 35.218 34.1362 27.9872 27.4525 27.7368 26.8893 30.8373 27.9025 28.8361 28.5832 7.84433 14.0953 19.0455 46.557 29.4992 28.3215 21.3579 29.9808 1.77104 29.3396
12.1373 12.0058 11.1034 13.0705 8.2534 12.4099 30.5431 36.3829 38.9954 40.4732 35.1585 33.1869 31.5349 39.0692 12.2002 15.3486 13.8014 15.9501 9.98994 10.1065 11.6804 11.9729 10.8243 12.9468 11.1388 13.9134 2.59996 0 22.7563 21.5204 13.5783 41.3316 20.4282 29.8425 19.2318 17.1521 16.5869 18.0219 29.9357 31.467 35.455 36.2426 24.8686 26.1838 28.696 26.4927 27.1603 28.483 29.7571 31.1355 6.46186 10.7055 14.5025 46.0343 29.2679 27.5171 19.5225 26.5064 3.36014 26.3744
20.8065 20.5852 21.7886 20.3068 22.7864 17.7329 46.6487 54.81 47.3002 56.1331 44.5966 49.0641 52.6314 51.7088 34.0941 36.7381 38.2789 34.3873 29.2872 28.9677 30.0652 33.8228 12.5752 13.3718 17.3606 14.4343 22.6118 22.7563 0 2.36859 7.19297 43.9364 16.8584 45.0586 37.6328 33.4022 33.5217 34.6155 44.817 46.676 47.4986 40.5538 33.2462 28.3806 32.312 29.3684 46.0405 43.6387 51.4318 43.8129 14.3037 12.8694 7.39775 45.8507 34.575 47.8027 17.9956 34.3115 23.4824 7.02211
23.3537 24.3436 21.4253 23.0323 21.677 20.2505 53.2609 56.5498 55.5001 56.7568 50.8472 44.6053 49.405 55.3724 36.3604 40.2339 36.682 40.7241 32.9354 31.8061 32.3867 30.8105 14.4738 14.8254 18.3618 17.082 27.672 21.5204 2.36859 0 9.76483 44.6656 18.1024 50.7129 36.7208 36.7976 34.0612 36.0208 40.5629 46.4854 47.3805 45.3493 33.0512 31.7122 34.169 32.6429 50.9634 50.4352 45.3813 43.5822 18.6581 14.5923 9.97978 44.8741 34.7652 48.4515 20.1514 33.6437 24.9287 4.94057
15.624 16.1125 15.963 13.4474 15.4117 12.7406 37.6984 40.687 46.4411 43.8772 41.4837 42.3007 45.2796 40.7998 26.6417 26.804 27.6078 28.6316 23.4682 24.4685 25.7385 25.3396 5.67182 5.48218 8.98791 7.41169 17.2214 13.5783 7.19297 9.76483 0 35.8757 13.8036 41.0506 29.425 29.0711 31.6812 26.9946 35.2884 37.7256 36.6348 37.9526 24.088 24.3853 27.7115 25.479 39.7539 38.9389 37.4407 39.4039 9.96343 5.49384 2.93123 40.3119 27.7389 41.2545 14.9845 25.16 16.5561 10.634
27.5388 26.8373 25.0328 23.1436 26.3099 24.0699 25.2304 25.2073 30.1837 26.5058 22.339 20.4394 22.3509 20.9116 40.5108 39.2541 38.6576 33.1272 35.204 31.7196 32.9211 32.9091 31.4945 30.2818 27.07 27.2353 40.3216 41.3316 43.9364 44.6656 35.8757 0 25.7456 18.8385 51.106 49.8833 48.7613 55.8425 14.0699 13.6526 14.9682 12.7619 11.3456 11.9602 10.9407 9.98831 25.2497 24.489 27.3667 26.3212 37.9882 30.6526 31.875 4.57046 10.994 37.1997 24.7522 11.6015 38.7902 41.0395
12.9562 14.0031 11.4563 11.274 16.1564 9.27868 33.8491 39.8518 34.8566 36.7291 32.0758 35.4124 32.0186 36.8195 28.8053 29.6811 27.2883 30.846 25.6375 26.4004 23.2693 22.5913 11.9358 8.94136 9.40556 8.25735 22.7978 20.4282 16.8584 18.1024 13.8036 25.7456 0 31.381 40.6593 39.7951 35.4215 34.3852 26.823 29.2386 27.5049 27.215 12.3295 12.2272 12.7585 13.0758 31.0748 30.4572 33.6761 31.6654 22.785 9.05194 10.4666 29.6856 16.9037 39.3832 2.07528 16.6649 21.1518 15.6312
21.8661 26.1954 25.3291 25.4099 26.6395 26.5149 8.76129 7.70045 8.53325 9.41131 2.63369 3.19751 3.38748 4.37096 27.5567 25.1073 25.242 24.7352 24.9157 22.7517 23.3728 20.7376 30.4395 34.2744 28.401 33.453 35.9988 29.8425 45.0586 50.7129 41.0506 18.8385 31.381 0 42.2363 40.5795 44.3936 46.0442 5.28216 5.62056 4.5253 5.79949 21.4218 18.741 20.7823 20.2825 10.2184 9.48592 9.23838 7.74945 41.3414 30.3618 35.4779 23.7825 16.4609 20.0124 30.3208 14.6475 30.8823 43.0293
28.4138 29.5953 27.3387 28.714 27.8103 27.9528 40.827 40.111 45.4302 42.1202 41.9527 47.8309 43.7889 47.2681 17.1272 17.7083 20.1431 21.1527 20.861 21.1132 21.8449 24.1176 25.3223 32.3571 27.7301 33.7751 14.9868 19.2318 37.6328 36.7208 29.425 51.106 40.6593 42.2363 0 1.03691 1.07949 1.44276 47.2097 46.1288 48.2688 50.1892 44.7064 43.9257 46.5695 47.7742 33.909 37.2215 40.6864 41.2709 20.4738 28.5496 31.6556 59.3726 42.1528 32.7665 39.5386 40.0928 15.2123 37.5029
26.1974 25.8305 30.1185 26.7857 27.2283 27.9413 40.6684 39.4017 39.8571 45.3177 41.762 46.0181 47.0261 43.3393 16.914 19.5946 19.9524 19.0237 19.631 18.8558 21.5493 20.1399 27.3104 28.7271 29.1638 28.666 15.7984 17.1521 33.4022 36.7976 29.0711 49.8833 39.7951 40.5795 1.03691 0 1.33429 0.964406 41.8695 41.316 47.3974 48.8735 42.5349 39.6515 45.9908 44.1488 33.1062 40.3422 34.9567 39.999 19.3515 28.9637 32.4997 53.576 38.3669 33.7931 39.4738 43.0064 15.4164 38.264
28.7088 29.0503 26.0564 26.5553 23.965 30.7759 36.0979 39.7351 44.9104 42.7875 44.7096 41.7261 40.3678 45.0067 16.8364 18.4722 20.2393 21.6583 20.1933 19.7112 18.8793 21.6586 25.1793 28.3724 27.0348 27.833 16.5866 16.5869 33.5217 34.0612 31.6812 48.7613 35.4215 44.3936 1.07949 1.33429 0 1.01662 42.974 45.4614 46.8154 42.6049 42.0534 44.266 46.8695 45.8606 34.6926 38.2057 36.546 34.2149 21.3226 27.8481 29.7606 61.9948 38.3103 32.3668 36.035 43.8806 14.6552 36.9969
24.6692 28.3333 29.6503 27.71 26.0531 26.1556 43.7862 41.0891 44.7069 44.9613 40.0989 43.1306 43.5706 41.6579 16.0454 17.7976 16.5105 20.4417 18.1519 18.0938 22.3466 20.819 27.2305 31.7597 25.1596 29.5844 14.1108 18.0219 34.6155 36.0208 26.9946 55.8425 34.3852 46.0442 1.44276 0.964406 1.01662 0 44.5097 41.8643 43.9814 42.3855 40.1519 38.6358 41.9777 47.201 37.8436 39.1422 34.6824 34.7431 18.2138 26.8208 33.0814 57.0138 40.8537 33.6331 34.9638 40.505 16.0739 38.31
20.1404 22.4128 21.5905 22.2266 25.5956 25.254 13.9816 13.88 13.6074 14.6628 8.26053 7.30157 7.7291 9.08863 29.3645 28.8475 27.5079 25.0391 26.93 25.8596 23.5679 21.6763 30.3773 30.3868 26.3958 28.4679 32.8869 29.9357 44.817 40.5629 35.2884 14.0699 26.823 5.28216 47.2097 41.8695 42.974 44.5097 0 1.02129 1.03943 1.31439 15.8762 17.8649 14.3108 16.0853 12.5697 13.9404 12.6189 13.6097 40.8669 28.1246 34.9072 16.6895 11.7044 22.7184 24.8375 12.389 28.0814 39.0574
20.9863 24.3733 20.5861 24.4496 25.2843 26.4094 13.1582 14.9299 14.3793 15.2121 8.56126 8.95835 9.01063 10.2706 29.6985 29.7974 28.3631 26.2863 25.2001 25.9251 25.0455 22.1525 30.6998 29.2108 29.7477 28.764 32.2812 31.467 46.676 46.4854 37.7256 13.6526 29.2386 5.62056 46.1288 41.316 45.4614 41.8643 1.02129 0 1.30009 1.09757 16.1334 16.9295 15.7525 16.0665 14.7098 15.0615 13.7683 12.9373 37.2091 32.1327 36.4968 18.0211 12.8527 25.6341 24.5478 11.6263 32.2408 44.0877
22.5418 21.3372 21.6506 21.9967 26.0618 25.2234 12.0489 13.64 12.5296 12.2125 8.21887 8.06991 8.09964 8.59877 30.5396 29.4583 24.375 27.8231 28.8698 23.0478 24.7925 23.3148 29.7221 30.7262 28.8094 31.3559 35.218 35.455 47.4986 47.3805 36.6348 14.9682 27.5049 4.5253 48.2688 47.3974 46.8154 43.9814 1.03943 1.30009 0 1.09197 16.1467 16.2347 17.3688 15.4077 13.169 13.6343 14.6585 11.817 36.477 29.1965 37.8648 18.9896 13.3868 25.8356 27.0506 11.3376 31.3115 39.0195
22.1709 25.2225 22.8845 22.1129 24.9216 25.9317 14.609 14.5995 15.1139 13.561 8.74584 8.35515 9.26138 8.8679 26.9088 27.0606 29.394 24.1559 28.8356 24.2223 24.4178 22.3437 30.4184 28.7227 27.4256 30.8628 34.1362 36.2426 40.5538 45.3493 37.9526 12.7619 27.215 5.79949 50.1892 48.8735 42.6049 42.3855 1.31439 1.09757 1.09197 0 17.0193 16.2477 16.3988 15.2348 14.3381 12.961 14.3395 12.6945 40.3144 32.961 38.5252 16.8115 13.0585 24.2847 26.5288 11.3267 30.5841 43.6287
16.2262 16.0469 15.5223 13.8297 17.484 13.3282 25.3439 26.1167 30.5362 28.1234 22.7272 21.9412 21.627 23.603 32.0133 29.1911 28.6559 28.0474 23.6908 25.2717 25.0783 22.043 19.9618 17.9936 18.6879 15.8615 27.9872 24.8686 33.2462 33.0512 24.088 11.3456 12.3295 21.4218 44.7064 42.5349 42.0534 40.1519 15.8762 16.1334 16.1467 17.0193 0 1.03497 0.955978 1.37049 27.3578 22.6495 27.5549 25.9432 27.7611 18.1064 20.8328 15.852 2.74797 31.9625 11.8383 4.29238 29.0701 24.6557
16.2228 15.8479 16.0648 13.3356 20.2405 15.2722 28.5462 27.5558 31.5522 27.573 21.9391 21.4351 22.5014 27.3567 27.7646 28.898 29.1856 29.9175 24.0554 25.4085 25.1197 25.0021 21.9202 19.2479 16.6129 18.8757 27.4525 26.1838 28.3806 31.7122 24.3853 11.9602 12.2272 18.741 43.9257 39.6515 44.266 38.6358 17.8649 16.9295 16.2347 16.2477 1.03497 0 1.51094 0.948371 28.4743 24.6019 24.7067 27.2754 27.1525 19.5935 23.6519 16.2196 4.09003 34.4603 11.097 5.11535 26.7139 24.4578
16.0787 15.2764 14.8491 14.2282 19.5021 15.7113 25.1371 26.9616 26.8845 27.0848 21.8419 20.1767 20.9375 25.2768 30.142 27.0135 27.5029 27.3303 23.3676 22.4926 25.8004 23.8507 21.144 19.0133 19.7729 18.5162 27.7368 28.696 32.312 34.169 27.7115 10.9407 12.7585 20.7823 46.5695 45.9908 46.8695 41.9777 14.3108 15.7525 17.3688 16.3988 0.955978 1.51094 0 1.07542 25.4396 23.1547 27.8165 25.0164 30.9184 20.1863 24.2254 14.9132 2.48801 31.5434 12.2785 3.74528 26.9828 27.7697
17.3789 14.8674 15.733 16.6959 19.9984 14.8576 28.5969 25.1991 31.1785 28.3062 22.4521 25.1032 24.4246 26.6585 33.097 30.2476 28.2018 28.41 26.2851 26.2498 27.3816 24.3095 21.332 19.7634 17.6752 16.3696 26.8893 26.4927 29.3684 32.6429 25.479 9.98831 13.0758 20.2825 47.7742 44.1488 45.8606 47.201 16.0853 16.0665 15.4077 15.2348 1.37049 0.948371 1.07542 0 25.5129 27.6785 24.1073 24.9886 33.6008 19.445 22.3361 14.5985 3.3528 35.2387 12.652 4.21025 27.8611 25.7295
21.3085 24.957 26.2531 23.4519 25.3403 24.6025 4.45244 5.6487 6.77981 7.35749 7.62856 7.53545 9.2962 9.36835 21.9888 20.1784 16.9518 15.4018 19.1302 18.1568 18.4791 15.8982 29.4562 35.0504 32.3377 28.7568 30.8373 27.1603 46.0405 50.9634 39.7539 25.2497 31.0748 10.2184 33.909 33.1062 34.6926 37.8436 12.5697 14.7098 13.169 14.3381 27.3578 28.4743 25.4396 25.5129 0 1.09895 0.99184 1.44871 34.848 29.5803 39.5679 30.2952 21.7849 10.1364 33.0955 23.9193 26.1823 44.6037
24.5184 24.5222 24.4482 23.6662 23.784 25.6897 4.51918 5.4221 6.4458 8.40259 6.8132 7.86678 7.5688 10.1946 19.4073 17.352 15.9213 15.3433 20.2242 19.6546 18.3411 16.5624 32.7505 34.2999 29.7307 31.9737 27.9025 28.483 43.6387 50.4352 38.9389 24.489 30.4572 9.48592 37.2215 40.3422 38.2057 39.1422 13.9404 15.0615 13.6343 12.961 22.6495 24.6019 23.1547 27.6785 1.09895 0 1.53371 1.07607 34.7334 34.1838 35.6905 31.7708 22.584 10.9243 29.0514 19.583 28.4006 49.8223
25.9428 25.4348 26.4305 26.0666 25.0209 26.1495 3.27296 4.46487 5.73688 6.89595 6.56662 6.76688 8.81964 9.42199 22.2976 21.4622 18.8194 17.4256 19.2565 18.4431 17.5005 18.7666 34.8164 33.6439 33.1051 31.8999 28.8361 29.7571 51.4318 45.3813 37.4407 27.3667 33.6761 9.23838 40.6864 34.9567 36.546 34.6824 12.6189 13.7683 14.6585 14.3395 27.5549 24.7067 27.8165 24.1073 0.99184 1.53371 0 0.980334 39.5975 33.4359 40.952 29.3811 24.4094 10.8071 33.0724 22.1164 25.6633 45.6395
23.3334 24.7806 22.705 24.861 26.3013 29.2935 3.20624 4.43379 6.24533 7.0583 5.40507 7.19182 8.18212 8.21379 22.6484 18.1151 19.5328 17.5629 22.4032 17.7055 16.7049 18.2978 30.5794 36.4169 32.9488 29.3427 28.5832 31.1355 43.8129 43.5822 39.4039 26.3212 31.6654 7.74945 41.2709 39.999 34.2149 34.7431 13.6097 12.9373 11.817 12.6945 25.9432 27.2754 25.0164 24.9886 1.44871 1.07607 0.980334 0 36.2885 31.2074 38.0465 29.8695 22.913 12.6965 33.5652 20.1974 29.7237 42.8922
16.4697 16.9366 17.6379 15.6175 14.2262 14.327 41.0681 37.705 38.5335 43.219 39.3805 43.325 38.1719 44.9356 21.276 21.2081 20.9112 23.0549 16.7704 16.1016 19.9695 18.5335 10.0839 10.9685 12.214 14.1761 7.84433 6.46186 14.3037 18.6581 9.96343 37.9882 22.785 41.3414 20.4738 19.3515 21.3226 18.2138 40.8669 37.2091 36.477 40.3144 27.7611 27.1525 30.9184 33.6008 34.848 34.7334 39.5975 36.2885 0 11.4582 12.6503 49.4768 32.7078 35.5715 22.0986 30.2427 10.2793 22.5514
9.23473 9.73055 8.9287 8.0108 9.26876 6.02383 34.3646 40.2422 41.6561 42.7562 33.0909 31.993 34.062 39.4174 22.3109 21.4115 21.7027 26.0053 17.962 19.6963 20.7302 17.6557 1.59665 1.08008 2.76897 2.4632 14.0953 10.7055 12.8694 14.5923 5.49384 30.6526 9.05194 30.3618 28.5496 28.9637 27.8481 26.8208 28.1246 32.1327 29.1965 32.961 18.1064 19.5935 20.1863 19.445 29.5803 34.1838 33.4359 31.2074 11.4582 0 5.28081 32.4408 21.6991 39.9001 10.4296 21.1027 14.1348 14.7522
16.3923 15.7373 14.5668 13.7386 14.3026 10.3864 41.3637 42.5396 44.2126 43.4598 37.3108 39.4209 43.3934 41.6459 26.0434 28.4987 30.5408 30.4483 21.1994 24.3771 23.7646 26.8226 7.11222 4.85724 9.09159 6.34173 19.0455 14.5025 7.39775 9.97978 2.93123 31.875 10.4666 35.4779 31.6556 32.4997 29.7606 33.0814 34.9072 36.4968 37.8648 38.5252 20.8328 23.6519 24.2254 22.3361 39.5679 35.6905 40.952 38.0465 12.6503 5.28081 0 36.0169 25.0371 42.8978 10.588 25.9655 20.353 8.33501
30.8475 28.8535 31.7113 33.2952 32.4746 28.3964 30.2734 27.9927 30.9868 31.498 24.7319 23.6577 24.1692 25.4229 44.7978 41.028 40.2565 42.0184 36.3625 41.3312 37.372 35.1587 34.6515 38.0884 32.4717 35.934 46.557 46.0343 45.8507 44.8741 40.3119 4.57046 29.6856 23.7825 59.3726 53.576 61.9948 57.0138 16.6895 18.0211 18.9896 16.8115 15.852 16.2196 14.9132 14.5985 30.2952 31.7708 29.3811 29.8695 49.4768 32.4408 36.0169 0 16.6291 44.4321 24.2639 16.8984 40.0777 38.6221
15.2548 14.4014 15.1589 15.014 18.3362 17.1021 22.8024 22.5954 23.2233 23.4784 18.4559 21.344 21.5615 22.7472 30.1179 30.2739 24.7049 24.9361 25.6865 22.5048 21.8385 21.4115 20.9627 21.9274 20.7249 16.9071 29.4992 29.2679 34.575 34.7652 27.7389 10.994 16.9037 16.4609 42.1528 38.3669 38.3103 40.8537 11.7044 12.8527 13.3868 13.0585 2.74797 4.09003 2.48801 3.3528 21.7849 22.584 24.4094 22.913 32.7078 21.6991 25.0371 16.6291 0 31.3018 12.6202 1.44409 24.9253 32.6645
27.8083 29.3254 31.3828 27.7838 28.9815 31.4342 13.4605 15.2298 16.1516 15.3863 16.3938 19.1592 18.956 20.679 15.7615 17.3195 14.5412 12.4347 21.1641 19.1366 16.2287 17.9447 38.2957 37.9531 35.501 34.4832 28.3215 27.5171 47.8027 48.4515 41.2545 37.1997 39.3832 20.0124 32.7665 33.7931 32.3668 33.6331 22.7184 25.6341 25.8356 24.2847 31.9625 34.4603 31.5434 35.2387 10.1364 10.9243 10.8071 12.6965 35.5715 39.9001 42.8978 44.4321 31.3018 0 36.0184 29.0174 26.3249 46.1165
11.6996 12.4803 11.3874 9.84251 13.1758 8.10248 35.3442 37.4506 37.1862 37.6443 29.8519 31.7548 30.4578 36.8383 31.1988 28.7884 26.431 30.3435 22.6119 25.5491 25.1195 21.7881 10.7224 9.56561 10.0881 7.73667 21.3579 19.5225 17.9956 20.1514 14.9845 24.7522 2.07528 30.3208 39.5386 39.4738 36.035 34.9638 24.8375 24.5478 27.0506 26.5288 11.8383 11.097 12.2785 12.652 33.0955 29.0514 33.0724 33.5652 22.0986 10.4296 10.588 24.2639 12.6202 36.0184 0 13.8156 20.1625 16.5808
14.2395 14.9029 13.8706 15.1099 18.5774 17.1896 24.16 21.7638 25.6647 22.9255 17.7885 18.9518 19.7181 19.0759 29.9479 26.9381 24.3478 27.2596 23.6867 21.017 20.3007 20.897 20.7058 21.6493 20.5509 20.5858 29.9808 26.5064 34.3115 33.6437 25.16 11.6015 16.6649 14.6475 40.0928 43.0064 43.8806 40.505 12.389 11.6263 11.3376 11.3267 4.29238 5.11535 3.74528 4.21025 23.9193 19.583 22.1164 20.1974 30.2427 21.1027 25.9655 16.8984 1.44409 29.0174 13.8156 0 25.4079 28.2286
11.0493 11.7367 11.9738 14.0576 9.12299 12.6612 30.356 31.3688 32.11 34.2699 28.4624 32.9775 33.9879 37.0494 9.40748 10.4853 11.5331 12.6082 7.48007 7.68091 9.49591 10.0335 12.2381 14.382 11.8437 15.3148 1.77104 3.36014 23.4824 24.9287 16.5561 38.7902 21.1518 30.8823 15.2123 15.4164 14.6552 16.0739 28.0814 32.2408 31.3115 30.5841 29.0701 26.7139 26.9828 27.8611 26.1823 28.4006 25.6633 29.7237 10.2793 14.1348 20.353 40.0777 24.9253 26.3249 20.1625 25.4079 0 26.303
23.5526 23.7379 23.8056 19.981 21.4517 19.2919 53.8347 51.2483 46.4865 54.4454 50.6445 50.7848 47.4491 52.8315 40.2038 34.3198 37.7998 36.9298 29.7708 35.5862 32.942 35.4336 14.2308 13.0978 16.595 14.6583 29.3396 26.3744 7.02211 4.94057 10.634 41.0395 15.6312 43.0293 37.5029 38.264 36.9969 38.31 39.0574 44.0877 39.0195 43.6287 24.6557 24.4578 27.7697 25.7295 44.6037 49.8223 45.6395 42.8922 22.5514 14.7522 8.33501 38.6221 32.6645 46.1165 16.5808 28.2286 26.303 0
