8
30
30
0 0.68895 1.36518 2.02361 2.58244 4.39171 20.163 17.7118 17.5738 16.3078 18.4667 14.9081 14.0689 12.7225 4.21789 5.17161 7.74288 8.33357 7.05355 8.16531 8.78893 7.90859 8.69358 7.29089 14.1827 18.1079 16.899 28.0335 19.092 33.2555
0.68895 0 0.68864 1.31657 3.0455 3.73434 20.5054 19.3919 15.5524 15.1345 15.4272 15.7422 15.2932 14.1254 4.8535 4.9353 7.41081 9.26019 7.65728 8.38435 10.0884 9.09731 9.13411 7.96476 15.0023 19.6285 16.9532 25.2049 22.0643 30.0859
1.36518 0.68864 0 0.643501 3.25735 3.19337 21.0101 17.0359 17.3553 16.3847 17.4386 15.9273 15.8413 12.5629 4.30179 4.52818 8.09193 7.51636 6.70766 6.94051 10.4811 9.33234 9.50335 7.66931 16.3801 19.4827 16.6571 27.9217 20.8098 32.7353
2.02361 1.31657 0.643501 0 4.24341 2.51869 19.4909 18.4563 16.4584 15.8315 16.9803 15.5992 14.9058 13.5054 4.78515 4.67936 7.72788 8.26282 6.18724 7.0555 9.75858 10.427 10.6018 8.93335 17.228 22.0356 15.7506 27.4467 21.5309 29.6203
2.58244 3.0455 3.25735 4.24341 0 5.07189 14.88 16.4457 13.6253 11.8413 13.2738 14.4094 12.8718 10.9796 3.53384 5.42713 8.12012 8.94998 7.29977 7.60858 6.77933 5.99464 5.83138 4.6194 12.5532 18.0065 13.1596 26.4168 17.2484 27.8986
4.39171 3.73434 3.19337 2.51869 5.07189 0 17.4225 17.3442 15.4772 15.3485 15.2428 14.0392 14.4737 12.3736 3.70137 2.39459 4.89777 5.42884 4.4122 4.44185 10.0148 9.30344 11.3752 8.46856 19.6626 21.8054 16.7682 24.7878 24.3786 31.1772
20.163 20.5054 21.0101 19.4909 14.88 17.4225 0 1.38272 2.4251 3.47278 5.00314 5.89583 5.76906 6.3825 14.8813 18.0727 14.5608 18.0501 18.11 17.6229 10.8785 10.5338 11.2253 11.7839 16.7556 20.8839 3.22793 7.73837 18.6324 12.9169
17.7118 19.3919 17.0359 18.4563 16.4457 17.3442 1.38272 0 1.34016 2.29571 5.86742 5.24634 5.83374 5.70327 13.2076 16.4798 16.6548 16.272 17.3794 16.8346 9.92025 10.4709 10.9184 11.2686 16.7958 22.1094 1.75491 9.48173 15.8605 12.9611
17.5738 15.5524 17.3553 16.4584 13.6253 15.4772 2.4251 1.34016 0 1.30572 5.83941 5.88685 5.22806 5.50632 13.314 15.9598 15.9155 16.0506 16.3844 17.1211 7.41597 9.07719 9.97271 9.31972 14.2108 20.0043 0.999569 9.70595 15.5572 15.2706
16.3078 15.1345 16.3847 15.8315 11.8413 15.3485 3.47278 2.29571 1.30572 0 6.56397 6.00015 5.84115 5.31906 11.2011 14.8649 13.9469 15.5169 13.3424 15.8757 7.16261 7.39199 7.93447 8.30056 14.634 18.3785 1.43414 12.3324 14.7126 17.0663
18.4667 15.4272 17.4386 16.9803 13.2738 15.2428 5.00314 5.86742 5.83941 6.56397 0 1.39698 2.33722 3.49273 11.3787 13.0765 11.7533 12.7613 13.5277 14.6399 9.72953 10.6938 12.546 11.628 20.2035 26.5292 4.7105 11.8084 23.6199 18.4669
14.9081 15.7422 15.9273 15.5992 14.4094 14.0392 5.89583 5.24634 5.88685 6.00015 1.39698 0 1.28919 2.4016 10.9433 12.0284 10.2456 11.3628 10.8959 13.5321 8.92241 9.80082 9.76216 11.0503 20.012 25.5134 4.93023 12.6018 22.7799 18.0135
14.0689 15.2932 15.8413 14.9058 12.8718 14.4737 5.76906 5.83374 5.22806 5.84115 2.33722 1.28919 0 1.37765 10.3586 12.5196 9.3696 12.0462 10.1999 10.8613 8.24537 8.83565 8.47512 8.65284 16.7359 23.3134 4.01718 13.2724 20.4635 18.0967
12.7225 14.1254 12.5629 13.5054 10.9796 12.3736 6.3825 5.70327 5.50632 5.31906 3.49273 2.4016 1.37765 0 9.37843 11.1258 10.3076 10.1245 9.81026 9.79216 6.68982 6.23144 7.5129 7.32124 18.0649 20.2891 4.1527 12.7454 21.6788 20.4372
4.21789 4.8535 4.30179 4.78515 3.53384 3.70137 14.8813 13.2076 13.314 11.2011 11.3787 10.9433 10.3586 9.37843 0 2.43639 4.26174 5.40984 3.88707 4.85846 7.6152 6.42853 7.23841 6.17713 17.6462 20.7022 11.3389 23.7295 22.1362 25.7874
5.17161 4.9353 4.52818 4.67936 5.42713 2.39459 18.0727 16.4798 15.9598 14.8649 13.0765 12.0284 12.5196 11.1258 2.43639 0 2.71089 3.31005 2.05309 2.42926 9.27416 8.23414 9.25409 8.61152 20.548 25.4822 13.0339 26.5171 24.2389 29.0532
7.74288 7.41081 8.09193 7.72788 8.12012 4.89777 14.5608 16.6548 15.9155 13.9469 11.7533 10.2456 9.3696 10.3076 4.26174 2.71089 0 0.960361 1.05136 1.38778 10.1615 9.20645 11.3148 10.4716 19.492 25.8646 14.9101 23.632 25.1666 31.6586
8.33357 9.26019 7.51636 8.26282 8.94998 5.42884 18.0501 16.272 16.0506 15.5169 12.7613 11.3628 12.0462 10.1245 5.40984 3.31005 0.960361 0 1.39573 1.05109 12.7958 11.676 12.1563 10.3779 22.8829 27.6654 15.2954 24.0825 23.4975 27.4912
7.05355 7.65728 6.70766 6.18724 7.29977 4.4122 18.11 17.3794 16.3844 13.3424 13.5277 10.8959 10.1999 9.81026 3.88707 2.05309 1.05136 1.39573 0 1.02378 11.234 9.34962 9.74539 10.2476 20.3736 22.587 14.8866 25.3819 26.4704 29.2684
8.16531 8.38435 6.94051 7.0555 7.60858 4.44185 17.6229 16.8346 17.1211 15.8757 14.6399 13.5321 10.8613 9.79216 4.85846 2.42926 1.38778 1.05109 1.02378 0 10.8648 10.8871 11.8999 10.0222 22.5609 28.2701 14.3429 26.8493 26.776 32.4504
8.78893 10.0884 10.4811 9.75858 6.77933 10.0148 10.8785 9.92025 7.41597 7.16261 9.72953 8.92241 8.24537 6.68982 7.6152 9.27416 10.1615 12.7958 11.234 10.8648 0 0.958968 0.989392 1.45286 10.9276 17.1555 7.44261 18.0851 14.9487 24.2189
7.90859 9.09731 9.33234 10.427 5.99464 9.30344 10.5338 10.4709 9.07719 7.39199 10.6938 9.80082 8.83565 6.23144 6.42853 8.23414 9.20645 11.676 9.34962 10.8871 0.958968 0 1.50947 0.908679 12.4112 15.1356 7.92152 19.9381 16.4364 23.5687
8.69358 9.13411 9.50335 10.6018 5.83138 11.3752 11.2253 10.9184 9.97271 7.93447 12.546 9.76216 8.47512 7.5129 7.23841 9.25409 11.3148 12.1563 9.74539 11.8999 0.989392 1.50947 0 0.949062 9.28665 16.5795 7.83991 18.2212 13.7664 23.0599
7.29089 7.96476 7.66931 8.93335 4.6194 8.46856 11.7839 11.2686 9.31972 8.30056 11.628 11.0503 8.65284 7.32124 6.17713 8.61152 10.4716 10.3779 10.2476 10.0222 1.45286 0.908679 0.949062 0 10.899 14.8514 9.50952 19.1344 15.0143 22.5586
14.1827 15.0023 16.3801 17.228 12.5532 19.6626 16.7556 16.7958 14.2108 14.634 20.2035 20.012 16.7359 18.0649 17.6462 20.548 19.492 22.8829 20.3736 22.5609 10.9276 12.4112 9.28665 10.899 0 5.47407 14.7378 22.4203 4.77987 23.323
18.1079 19.6285 19.4827 22.0356 18.0065 21.8054 20.8839 22.1094 20.0043 18.3785 26.5292 25.5134 23.3134 20.2891 20.7022 25.4822 25.8646 27.6654 22.587 28.2701 17.1555 15.1356 16.5795 14.8514 5.47407 0 19.141 25.3229 4.13523 27.4245
16.899 16.9532 16.6571 15.7506 13.1596 16.7682 3.22793 1.75491 0.999569 1.43414 4.7105 4.93023 4.01718 4.1527 11.3389 13.0339 14.9101 15.2954 14.8866 14.3429 7.44261 7.92152 7.83991 9.50952 14.7378 19.141 0 10.7368 18.0208 16.0358
28.0335 25.2049 27.9217 27.4467 26.4168 24.7878 7.73837 9.48173 9.70595 12.3324 11.8084 12.6018 13.2724 12.7454 23.7295 26.5171 23.632 24.0825 25.3819 26.8493 18.0851 19.9381 18.2212 19.1344 22.4203 25.3229 10.7368 0 22.293 8.1968
19.092 22.0643 20.8098 21.5309 17.2484 24.3786 18.6324 15.8605 15.5572 14.7126 23.6199 22.7799 20.4635 21.6788 22.1362 24.2389 25.1666 23.4975 26.4704 26.776 14.9487 16.4364 13.7664 15.0143 4.77987 4.13523 18.0208 22.293 0 22.0472
33.2555 30.0859 32.7353 29.6203 27.8986 31.1772 12.9169 12.9611 15.2706 17.0663 18.4669 18.0135 18.0967 20.4372 25.7874 29.0532 31.6586 27.4912 29.2684 32.4504 24.2189 23.5687 23.0599 22.5586 23.323 27.4245 16.0358 8.1968 22.0472 0
