9
30
30
0 0.590732 1.27045 2.02902 2.4396 4.19857 17.6951 18.1909 15.8508 15.7435 16.4044 16.9843 15.1935 11.949 4.76201 5.29785 7.95516 9.05707 8.05001 8.66713 8.67026 7.63385 8.50556 8.09576 15.6745 17.5645 14.9619 28.1704 18.4169 33.3174
0.590732 0 0.651289 1.24464 2.84889 3.14021 20.7123 18.6724 17.0836 16.6735 16.3342 16.5671 15.6853 14.028 4.68796 5.52177 8.20211 7.78581 7.07266 7.93206 8.72663 8.05562 8.35326 8.64727 15.5726 19.6785 15.1045 28.9618 20.2654 30.8112
1.27045 0.651289 0 0.648134 3.24278 3.04748 19.8769 17.518 18.4184 17.4033 18.6056 17.2308 14.8804 14.0627 4.98211 4.82679 7.4242 8.90262 6.11615 6.76673 9.62393 9.0868 8.72454 7.65467 16.8279 19.4628 16.4908 29.1364 21.4612 33.792
2.02902 1.24464 0.648134 0 3.97158 2.66789 20.443 19.8171 19.2869 17.9933 18.8511 15.3686 15.1587 14.4926 4.45105 5.08197 7.07028 7.5967 7.03124 6.97795 10.757 9.97105 10.1146 8.42128 16.2419 19.5584 16.3492 26.6092 19.5314 33.5667
2.4396 2.84889 3.24278 3.97158 0 5.34603 17.4216 16.5942 14.9261 12.3596 13.8696 12.84 11.231 11.9214 3.07151 5.59305 7.69933 8.03381 6.43938 7.73651 6.86487 6.24214 5.72946 5.40259 14.0713 16.6527 13.0095 23.8692 16.8097 30.4561
4.19857 3.14021 3.04748 2.66789 5.34603 0 17.4238 19.7474 16.1485 17.2656 17.3564 13.9355 12.433 11.7229 3.61406 2.41337 4.61682 5.13696 4.51853 4.11547 10.8506 10.2947 10.0188 9.24033 17.7702 21.4396 14.9067 28.8832 22.6276 31.3322
17.6951 20.7123 19.8769 20.443 17.4216 17.4238 0 1.28366 2.70912 3.86982 5.07797 6.00652 5.74856 6.39913 14.8393 17.7184 15.9574 15.7651 17.5518 19.124 10.7965 9.98821 10.8471 10.9092 17.3786 21.1842 3.17649 7.22054 18.4978 14.5589
18.1909 18.6724 17.518 19.8171 16.5942 19.7474 1.28366 0 1.16979 2.53335 5.08785 5.31154 5.43455 6.00517 13.4349 16.0821 16.417 16.9306 14.5068 16.4345 9.83719 8.87688 10.2159 10.5467 15.7806 22.4584 2.04143 9.45564 16.2891 15.7195
15.8508 17.0836 18.4184 19.2869 14.9261 16.1485 2.70912 1.16979 0 1.17309 6.30611 5.31228 5.39276 5.19126 13.8419 16.3728 15.4585 15.0584 16.1034 17.2991 8.63276 8.38423 9.00199 8.82081 13.7687 20.8915 1.05577 9.98029 14.999 14.902
15.7435 16.6735 17.4033 17.9933 12.3596 17.2656 3.86982 2.53335 1.17309 0 6.20208 5.66432 5.7821 5.71574 11.5921 14.4794 13.5314 15.2811 13.2374 15.935 7.10179 7.27491 7.67706 7.91753 15.2024 20.0887 1.29101 10.7575 15.7178 17.4042
16.4044 16.3342 18.6056 18.8511 13.8696 17.3564 5.07797 5.08785 6.30611 6.20208 0 1.33067 2.59932 3.57763 13.3004 13.3092 12.3623 13.6531 12.5461 14.2837 11.1677 10.363 12.1056 10.8407 18.2042 26.9102 5.26843 12.1119 21.5372 18.6189
16.9843 16.5671 17.2308 15.3686 12.84 13.9355 6.00652 5.31154 5.31228 5.66432 1.33067 0 1.28464 2.68267 10.8406 11.8445 10.3997 12.4899 12.2174 12.839 9.56264 9.62455 10.5483 9.94715 18.9797 23.3817 4.76999 12.1527 20.024 20.3252
15.1935 15.6853 14.8804 15.1587 11.231 12.433 5.74856 5.43455 5.39276 5.7821 2.59932 1.28464 0 1.25647 9.21105 10.8887 9.41076 11.9777 11.3417 12.3065 8.29791 8.2887 8.98959 9.44793 17.7232 22.3639 3.93969 12.5168 19.674 20.1609
11.949 14.028 14.0627 14.4926 11.9214 11.7229 6.39913 6.00517 5.19126 5.71574 3.57763 2.68267 1.25647 0 8.70041 9.76881 10.1728 9.29045 9.52983 9.87069 7.09968 6.87058 8.91224 7.4292 16.8402 24.2457 4.23863 14.3476 18.8401 22.2609
4.76201 4.68796 4.98211 4.45105 3.07151 3.61406 14.8393 13.4349 13.8419 11.5921 13.3004 10.8406 9.21105 8.70041 0 2.66725 4.12118 5.71888 3.77529 4.966 7.34964 6.59418 7.53739 6.1383 15.2152 19.178 12.6555 23.5964 22.3159 30.4988
5.29785 5.52177 4.82679 5.08197 5.59305 2.41337 17.7184 16.0821 16.3728 14.4794 13.3092 11.8445 10.8887 9.76881 2.66725 0 2.60861 3.58591 1.74067 2.70684 8.72391 8.18199 8.63802 8.61563 20.1929 22.2395 15.3591 22.1898 23.8156 30.4273
7.95516 8.20211 7.4242 7.07028 7.69933 4.61682 15.9574 16.417 15.4585 13.5314 12.3623 10.3997 9.41076 10.1728 4.12118 2.60861 0 0.989545 1.09024 1.45432 11.1889 8.91452 9.78081 9.1792 18.7032 25.6431 12.6744 23.7171 24.7891 32.1791
9.05707 7.78581 8.90262 7.5967 8.03381 5.13696 15.7651 16.9306 15.0584 15.2811 13.6531 12.4899 11.9777 9.29045 5.71888 3.58591 0.989545 0 1.42216 1.06575 11.076 10.6278 11.8214 10.9358 20.1604 26.8668 13.7595 21.8672 24.5294 28.437
8.05001 7.07266 6.11615 7.03124 6.43938 4.51853 17.5518 14.5068 16.1034 13.2374 12.5461 12.2174 11.3417 9.52983 3.77529 1.74067 1.09024 1.42216 0 1.04326 10.4365 9.95053 10.1913 9.15554 20.1164 27.4938 12.722 25.7954 25.1469 27.2628
8.66713 7.93206 6.76673 6.97795 7.73651 4.11547 19.124 16.4345 17.2991 15.935 14.2837 12.839 12.3065 9.87069 4.966 2.70684 1.45432 1.06575 1.04326 0 12.3961 11.3817 11.5859 10.2993 20.7475 27.9533 15.0822 24.5603 23.4277 29.1924
8.67026 8.72663 9.62393 10.757 6.86487 10.8506 10.7965 9.83719 8.63276 7.10179 11.1677 9.56264 8.29791 7.09968 7.34964 8.72391 11.1889 11.076 10.4365 12.3961 0 0.969286 0.947569 1.38674 11.1962 16.1212 7.38866 19.2584 13.4233 21.1757
7.63385 8.05562 9.0868 9.97105 6.24214 10.2947 9.98821 8.87688 8.38423 7.27491 10.363 9.62455 8.2887 6.87058 6.59418 8.18199 8.91452 10.6278 9.95053 11.3817 0.969286 0 1.50982 0.950133 10.511 17.4337 7.61086 17.9246 14.3149 22.193
8.50556 8.35326 8.72454 10.1146 5.72946 10.0188 10.8471 10.2159 9.00199 7.67706 12.1056 10.5483 8.98959 8.91224 7.53739 8.63802 9.78081 11.8214 10.1913 11.5859 0.947569 1.50982 0 1.07276 9.64239 15.0822 8.7233 21.0326 13.5101 23.1386
8.09576 8.64727 7.65467 8.42128 5.40259 9.24033 10.9092 10.5467 8.82081 7.91753 10.8407 9.94715 9.44793 7.4292 6.1383 8.61563 9.1792 10.9358 9.15554 10.2993 1.38674 0.950133 1.07276 0 9.95178 15.0769 8.76648 18.1975 14.4893 23.2772
15.6745 15.5726 16.8279 16.2419 14.0713 17.7702 17.3786 15.7806 13.7687 15.2024 18.2042 18.9797 17.7232 16.8402 15.2152 20.1929 18.7032 20.1604 20.1164 20.7475 11.1962 10.511 9.64239 9.95178 0 5.0358 15.3348 24.1047 4.77501 21.4327
17.5645 19.6785 19.4628 19.5584 16.6527 21.4396 21.1842 22.4584 20.8915 20.0887 26.9102 23.3817 22.3639 24.2457 19.178 22.2395 25.6431 26.8668 27.4938 27.9533 16.1212 17.4337 15.0822 15.0769 5.0358 0 21.3215 27.6835 4.26926 26.4923
14.9619 15.1045 16.4908 16.3492 13.0095 14.9067 3.17649 2.04143 1.05577 1.29101 5.26843 4.76999 3.93969 4.23863 12.6555 15.3591 12.6744 13.7595 12.722 15.0822 7.38866 7.61086 8.7233 8.76648 15.3348 21.3215 0 9.9849 17.2457 16.0836
28.1704 28.9618 29.1364 26.6092 23.8692 28.8832 7.22054 9.45564 9.98029 10.7575 12.1119 12.1527 12.5168 14.3476 23.5964 22.1898 23.7171 21.8672 25.7954 24.5603 19.2584 17.9246 21.0326 18.1975 24.1047 27.6835 9.9849 0 25.8079 7.65104
18.4169 20.2654 21.4612 19.5314 16.8097 22.6276 18.4978 16.2891 14.999 15.7178 21.5372 20.024 19.674 18.8401 22.3159 23.8156 24.7891 24.5294 25.1469 23.4277 13.4233 14.3149 13.5101 14.4893 4.77501 4.26926 17.2457 25.8079 0 21.4204
33.3174 30.8112 33.792 33.5667 30.4561 31.3322 14.5589 15.7195 14.902 17.4042 18.6189 20.3252 20.1609 22.2609 30.4988 30.4273 32.1791 28.437 27.2628 29.1924 21.1757 22.193 23.1386 23.2772 21.4327 26.4923 16.0836 7.65104 21.4204 0
