1
50
60
0 0.669993 1.35723 1.94888 2.43881 3.71433 24.521 24.9797 27.6727 27.0003 22.6557 23.8345 28.6369 26.8777 15.1478 17.5236 16.2887 16.0181 12.1516 11.2847 10.1766 11.0133 8.88561 10.9648 6.32732 8.93806 11.7207 11.0138 21.8475 23.9709 14.3967 27.5982 12.2519 22.6295 25.689 26.2671 26.2858 25.7178 24.384 23.6938 21.0523 25.0531 16.6503 16.5562 14.619 17.7051 21.6777 22.0743 22.3103 24.2936 15.2503 9.27429 15.6424 33.6355 15.7671 26.3719 11.2421 16.0146 11.9328 24.6464
0.669993 0 0.637782 1.42924 2.74153 3.16664 29.3925 27.291 29.3151 30.9837 26.3599 27.6763 24.9646 28.3573 16.9159 18.6016 17.6903 17.8583 10.7144 10.7109 10.8107 11.6612 8.0125 10.7714 6.89528 7.56944 12.1477 10.7933 21.0195 22.4201 14.9318 24.6689 12.5498 25.9595 27.6777 28.4501 29.0128 28.6692 22.9342 23.2485 23.0897 25.1918 15.3112 14.9059 16.1108 17.2204 21.44 25.1648 22.6092 25.383 16.0297 9.95011 14.7681 29.7604 16.0924 26.3292 12.1481 15.2408 11.031 24.7048
1.35723 0.637782 0 0.689375 3.77429 3.13276 28.171 28.0575 29.9645 28.8513 23.2233 26.5367 29.4944 28.6928 17.382 16.7749 18.152 19.4064 12.2891 12.1966 12.7359 12.2357 8.34109 9.71085 5.6131 7.40646 13.148 11.7995 21.7386 22.9899 15.1235 25.7388 11.9796 24.156 26.3617 30.5333 30.3714 30.3104 23.9969 20.7455 21.3107 23.1615 15.3878 15.5425 16.1569 14.9561 22.2726 21.9143 24.4383 22.6504 16.0085 9.05919 12.8549 33.7711 14.1478 25.9961 10.7912 15.9728 13.7568 21.1122
1.94888 1.42924 0.689375 0 4.05531 2.36188 29.7414 30.7058 26.9053 29.7469 23.5155 27.7596 29.9749 28.2307 17.4705 18.8333 19.093 19.1165 13.7401 13.9535 12.3723 13.4568 7.66528 8.50842 5.39287 7.36077 14.5874 12.5984 20.4003 21.4498 13.6723 27.8381 11.7239 22.9733 27.1796 26.5006 30.2265 27.5467 23.0875 22.6498 24.4039 24.5048 14.2863 14.0117 15.9707 15.8284 26.3439 22.8325 23.272 24.0234 17.2668 7.81685 13.1944 30.9542 13.4874 30.868 10.7528 13.5777 13.815 22.7651
2.43881 2.74153 3.77429 4.05531 0 4.99234 28.6237 30.4699 31.6486 32.7112 24.5076 29.4916 26.7159 30.4702 16.4147 14.1477 14.7599 14.5924 10.1635 10.0487 9.2924 10.604 8.53176 10.5007 6.31137 9.20201 11.1642 8.12177 21.2552 23.3848 13.4119 29.293 13.6322 26.1103 27.3801 27.2751 26.228 24.1565 23.6129 23.3702 22.9174 26.0132 19.367 17.4924 19.6593 20.5039 25.8006 22.08 23.6212 24.1238 14.3407 8.55504 15.8897 35.3657 17.5897 29.5381 14.8736 16.9555 9.0187 25.0786
3.71433 3.16664 3.13276 2.36188 4.99234 0 31.2908 34.0333 34.925 32.5193 27.928 31.3701 27.4525 33.8441 21.6723 21.531 20.6517 21.516 14.6746 15.344 14.0279 16.2118 6.49094 6.30954 3.71461 4.71571 14.3276 12.2117 19.6357 18.7923 12.6196 26.0902 10.2333 27.8331 28.1022 31.0304 27.8133 29.8918 24.3599 22.4981 24.6804 25.6531 15.1754 16.3201 15.5817 15.9791 27.5856 24.1442 25.2716 26.1224 13.7245 6.23815 11.0955 32.8017 15.7837 32.1062 9.56231 17.4334 14.5932 20.1225
24.521 29.3925 28.171 29.7414 28.6237 31.2908 0 1.38106 2.44387 3.87248 5.46596 5.45953 5.69391 5.9705 22.4008 21.6013 22.8275 19.8427 23.5341 21.9067 22.3002 21.6929 38.1539 38.937 34.6325 36.0543 33.8104 32.5529 46.4928 48.9025 41.8544 24.716 36.2264 8.14214 41.1797 42.9379 43.3464 37.2056 12.905 12.9162 14.159 14.9542 26.6265 28.517 25.9919 27.2298 4.11625 4.0021 3.11074 3.17343 39.3667 38.9753 45.5239 28.3916 26.1206 13.9148 31.6986 23.8562 29.2338 52.8099
24.9797 27.291 28.0575 30.7058 30.4699 34.0333 1.38106 0 1.3548 2.37511 5.22946 5.85478 5.91745 6.43047 25.9823 22.6826 24.1417 22.2825 25.1363 26.1854 20.9748 21.9354 33.6541 38.4951 34.0027 38.7031 35.5571 31.6807 55.0872 49.1385 44.8487 29.2335 33.5684 7.57012 41.1326 40.3305 38.6092 40.8216 12.7244 14.4138 12.0227 15.2222 29.1399 25.57 28.5563 26.8605 5.19123 5.66641 4.37041 4.33433 39.9127 36.9855 39.9499 29.3165 25.3611 14.4393 34.4882 22.5473 33.8579 50.8687
27.6727 29.3151 29.9645 26.9053 31.6486 34.925 2.44387 1.3548 0 1.27371 6.5038 5.54818 5.35138 5.20103 28.9929 26.8415 25.5784 20.685 27.7432 27.8564 22.3066 22.334 35.7927 38.6127 33.0362 34.9781 35.7153 32.5396 56.0559 53.9231 39.5745 29.5659 39.1031 8.19515 40.3611 42.4973 40.754 45.6381 12.5091 12.9886 13.9428 12.838 27.3857 27.7204 30.3248 28.3116 6.86475 6.73395 5.56068 5.96177 39.5202 40.958 39.6514 30.8346 26.2117 15.3118 35.2945 25.8874 31.9684 53.367
27.0003 30.9837 28.8513 29.7469 32.7112 32.5193 3.87248 2.37511 1.27371 0 6.15126 5.90924 5.80271 5.08346 30.7461 24.6562 24.3681 24.2252 28.7129 26.2341 24.2974 25.1009 38.1389 36.6576 39.6768 36.8351 35.8143 33.9072 48.646 54.1238 45.6105 26.0495 40.5215 8.98524 46.531 46.7401 46.2348 42.4785 12.6091 15.3163 14.0588 14.1295 28.0847 27.975 25.5428 30.9296 7.60215 8.13476 6.731 6.70261 46.611 41.0979 47.7467 33.5326 23.7851 14.6026 36.3713 26.3988 37.8204 54.8997
22.6557 26.3599 23.2233 23.5155 24.5076 27.928 5.46596 5.22946 6.5038 6.15126 0 1.18046 2.68657 3.91289 25.9544 24.6897 23.4795 23.8218 25.4079 25.0251 20.826 18.631 34.0425 35.4116 28.3916 33.5648 30.3289 32.8198 50.5888 46.3903 36.2986 20.0837 33.3226 2.53209 41.4305 40.5498 40.9159 38.1472 7.51388 8.98184 8.04509 8.4455 20.5762 23.4062 22.873 21.8723 6.50418 5.81477 6.90757 6.24206 36.936 36.3913 36.555 23.9192 19.9087 16.5989 32.4359 16.5884 31.3292 48.3287
23.8345 27.6763 26.5367 27.7596 29.4916 31.3701 5.45953 5.85478 5.54818 5.90924 1.18046 0 1.15065 2.77528 26.6956 26.8738 22.8695 25.1707 27.5422 25.2238 21.7233 20.3743 35.9071 31.9797 34.1403 32.7538 33.8002 35.1536 50.8502 51.288 42.4082 22.8818 34.2844 3.00663 45.101 40.4854 45.5091 43.1858 7.24756 7.97446 7.04249 8.68253 24.5083 21.4592 20.2642 24.0633 8.05875 6.82654 8.02791 5.94021 41.462 35.5969 37.1889 23.0132 19.0181 17.6309 29.8212 16.9629 32.2053 51.8338
28.6369 24.9646 29.4944 29.9749 26.7159 27.4525 5.69391 5.91745 5.35138 5.80271 2.68657 1.15065 0 1.15802 30.519 24.5811 25.5497 23.3676 26.332 24.4455 23.6813 24.2438 33.0494 37.1651 31.5454 36.9668 37.8319 36.175 53.2859 47.5086 43.3483 21.4508 36.4985 3.77615 46.1607 47.7112 41.597 44.5679 7.50361 8.82331 7.47246 9.04659 25.5514 23.546 24.8691 25.3904 9.7848 8.29939 8.83221 7.53516 38.6653 38.0377 44.0476 23.9827 20.9137 18.838 29.8341 19.2157 34.9229 48.4236
26.8777 28.3573 28.6928 28.2307 30.4702 33.8441 5.9705 6.43047 5.20103 5.08346 3.91289 2.77528 1.15802 0 30.8931 27.5053 26.0635 24.1348 30.0821 25.5304 26.379 22.1447 34.1374 37.7144 31.9974 32.6515 36.9538 34.6773 47.827 49.3624 45.6655 24.3485 35.9511 4.32738 49.8448 49.1902 40.8819 41.5802 8.49291 10.0093 8.8056 9.54859 25.0844 25.842 24.4801 24.1047 9.54435 9.23989 9.46647 7.85593 43.6397 36.0528 44.2437 25.8092 22.9441 19.497 32.1533 18.1552 36.4582 52.1479
15.1478 16.9159 17.382 17.4705 16.4147 21.6723 22.4008 25.9823 28.9929 30.7461 25.9544 26.6956 30.519 30.8931 0 1.14803 2.75074 3.79699 5.74922 5.37741 6.24522 6.17912 23.5372 22.2521 22.0159 24.6478 11.8852 13.6805 36.3366 38.7015 27.5473 39.4725 27.4251 29.076 18.3483 15.1801 16.3501 17.17 25.9272 29.8138 27.6524 31.1871 30.2488 33.4639 28.0123 29.2623 20.7349 19.3212 21.4658 22.4389 20.7652 21.8119 28.3655 46.8655 26.629 17.9624 26.8402 28.6983 9.71674 34.2363
17.5236 18.6016 16.7749 18.8333 14.1477 21.531 21.6013 22.6826 26.8415 24.6562 24.6897 26.8738 24.5811 27.5053 1.14803 0 1.29962 2.66254 5.82223 5.92945 5.30793 6.34949 23.5795 22.0805 20.0027 22.6538 12.6659 13.3476 37.8977 35.0656 28.8837 39.466 27.1036 23.4579 18.4099 18.6323 17.5763 16.9979 27.9374 29.1761 30.4706 29.7954 31.7005 30.7139 29.6801 32.2398 19.5422 17.2619 20.5239 19.0061 20.4738 21.838 27.8986 40.1673 25.2969 14.7863 29.0585 28.0633 11.2796 40.8403
16.2887 17.6903 18.152 19.093 14.7599 20.6517 22.8275 24.1417 25.5784 24.3681 23.4795 22.8695 25.5497 26.0635 2.75074 1.29962 0 1.29995 5.53582 5.14767 5.62811 5.17108 22.3306 22.4323 23.1136 24.5198 12.5575 15.6908 38.7575 39.9811 30.2646 34.9446 27.7184 26.2899 17.9364 19.2384 18.4093 19.7594 25.6061 24.2916 27.6379 30.1493 29.9463 27.9756 30.3721 29.3999 17.5635 16.6238 18.9192 19.7064 23.6734 24.1628 31.8515 44.7467 26.278 13.9198 28.7644 26.1313 12.2916 38.5265
16.0181 17.8583 19.4064 19.1165 14.5924 21.516 19.8427 22.2825 20.685 24.2252 23.8218 25.1707 23.3676 24.1348 3.79699 2.66254 1.29995 0 6.76362 5.74814 5.22231 5.37242 24.7486 26.5776 21.9739 24.1894 14.2952 17.1895 36.8829 36.5888 26.3898 35.3806 31.9693 21.1881 18.8292 20.3877 21.4155 20.6045 27.1328 27.7053 28.3789 24.9388 27.3438 31.738 30.2861 31.5071 14.6448 16.2095 15.9751 16.2675 23.6414 24.9378 28.5675 41.4793 27.2807 13.5493 31.5538 26.6869 13.9123 36.5345
12.1516 10.7144 12.2891 13.7401 10.1635 14.6746 23.5341 25.1363 27.7432 28.7129 25.4079 27.5422 26.332 30.0821 5.74922 5.82223 5.53582 6.76362 0 1.22273 2.60256 4.1823 16.0673 20.3081 16.9384 16.3883 9.00951 9.58856 32.4954 28.5842 21.2286 34.8163 26.3952 23.1946 17.8271 20.4585 17.071 17.2139 27.3634 25.3468 24.6196 24.4962 22.7916 23.5144 25.1219 25.4911 18.876 20.6406 21.0275 21.903 15.1752 18.1819 23.7031 35.895 26.2065 20.5124 24.7329 25.3783 6.66629 34.1662
11.2847 10.7109 12.1966 13.9535 10.0487 15.344 21.9067 26.1854 27.8564 26.2341 25.0251 25.2238 24.4455 25.5304 5.37741 5.92945 5.14767 5.74814 1.22273 0 1.18967 2.693 17.8732 19.0016 16.7184 17.985 10.3416 10.2883 32.8795 33.7566 23.3481 31.012 25.852 25.0098 19.7848 20.3671 20.2245 20.7708 25.8278 24.2743 26.26 24.1328 23.7345 22.8864 23.4437 23.1109 19.2942 18.8282 17.9127 19.5455 18.4602 19.8733 23.5474 41.249 25.646 18.347 24.7446 22.8802 7.36356 35.1608
10.1766 10.8107 12.7359 12.3723 9.2924 14.0279 22.3002 20.9748 22.3066 24.2974 20.826 21.7233 23.6813 26.379 6.24522 5.30793 5.62811 5.22231 2.60256 1.18967 0 1.37083 16.7467 18.216 16.0132 20.2908 10.3731 12.2823 29.9246 33.4776 21.3121 29.7744 25.8173 22.6254 19.9656 21.691 19.8714 20.7919 23.0187 25.4976 24.0915 25.2417 23.5387 23.8736 25.0016 26.0253 17.2641 17.6464 20.2692 18.4469 17.8634 17.6127 24.6223 34.3496 23.4497 16.9348 24.4846 23.5309 8.75296 33.5141
11.0133 11.6612 12.2357 13.4568 10.604 16.2118 21.6929 21.9354 22.334 25.1009 18.631 20.3743 24.2438 22.1447 6.17912 6.34949 5.17108 5.37242 4.1823 2.693 1.37083 0 16.9794 20.6538 16.3871 18.4112 13.3697 12.9363 33.706 33.4576 25.9636 31.5056 26.1083 21.4139 21.493 22.5111 23.444 22.5642 20.6508 21.5283 21.4222 24.5111 24.1465 25.3699 25.0689 25.0873 17.1861 15.5563 16.2874 18.7043 21.3905 20.7975 26.6397 34.7627 23.1824 18.4409 22.5394 21.1227 10.5759 35.0969
8.88561 8.0125 8.34109 7.66528 8.53176 6.49094 38.1539 33.6541 35.7927 38.1389 34.0425 35.9071 33.0494 34.1374 23.5372 23.5795 22.3306 24.7486 16.0673 17.8732 16.7467 16.9794 0 2.70902 2.59363 3.89943 13.2616 9.92286 15.2636 15.7662 6.60031 30.1811 10.7817 31.8352 25.5241 29.3019 27.6278 24.835 33.0277 29.9273 32.9432 30.5289 18.9808 21.0924 21.9201 19.823 30.745 34.2366 32.4428 31.2184 10.573 1.46701 7.13762 39.3492 23.2752 38 10.4929 24.0894 12.1746 15.2895
10.9648 10.7714 9.71085 8.50842 10.5007 6.30954 38.937 38.4951 38.6127 36.6576 35.4116 31.9797 37.1651 37.7144 22.2521 22.0805 22.4323 26.5776 20.3081 19.0016 18.216 20.6538 2.70902 0 3.51374 2.38317 14.6737 12.1538 13.6064 14.498 4.77446 32.9669 9.44161 34.2207 32.7386 28.7063 31.5876 27.7163 30.128 30.4295 34.7169 29.8272 19.6898 18.2096 18.3868 21.8755 32.7797 32.4288 37.5018 36.1529 12.9406 1.00648 4.47789 36.6054 19.4498 36.9057 10.5833 19.9374 16.6154 13.4133
6.32732 6.89528 5.6131 5.39287 6.31137 3.71461 34.6325 34.0027 33.0362 39.6768 28.3916 34.1403 31.5454 31.9974 22.0159 20.0027 23.1136 21.9739 16.9384 16.7184 16.0132 16.3871 2.59363 3.51374 0 2.65064 13.3107 11.6998 16.2517 18.4018 8.74421 30.3995 10.7122 27.7193 26.9617 30.2174 25.8301 24.8056 28.3112 29.2142 29.2827 27.892 17.5153 18.1496 18.5421 17.8702 32.5261 29.2691 32.7036 32.5689 11.3075 2.61094 9.10495 37.5138 17.9082 32.5345 8.9156 18.5584 14.1584 17.5903
8.93806 7.56944 7.40646 7.36077 9.20201 4.71571 36.0543 38.7031 34.9781 36.8351 33.5648 32.7538 36.9668 32.6515 24.6478 22.6538 24.5198 24.1894 16.3883 17.985 20.2908 18.4112 3.89943 2.38317 2.65064 0 16.2743 13.4853 13.9979 15.0061 8.41888 31.0209 8.72602 33.88 31.4832 31.1823 30.5768 27.4944 29.4223 29.472 31.2786 28.1334 17.8911 17.6027 17.7904 17.7555 34.813 28.0264 33.3443 29.1609 14.1284 2.47464 7.19383 36.7884 19.4473 33.9795 7.095 20.8791 16.1343 16.1084
11.7207 12.1477 13.148 14.5874 11.1642 14.3276 33.8104 35.5571 35.7153 35.8143 30.3289 33.8002 37.8319 36.9538 11.8852 12.6659 12.5575 14.2952 9.00951 10.3416 10.3731 13.3697 13.2616 14.6737 13.3107 16.2743 0 2.61126 22.0256 25.6491 14.8942 40.2333 24.6587 30.3635 14.8623 15.9229 16.0009 15.5697 33.1635 31.7355 31.204 37.0087 29.2108 28.1495 26.6517 30.441 30.1624 26.6042 29.2548 28.3744 8.66354 13.9583 17.6034 43.819 27.0404 25.4682 20.6619 30.4116 1.71001 28.5117
11.0138 10.7933 11.7995 12.5984 8.12177 12.2117 32.5529 31.6807 32.5396 33.9072 32.8198 35.1536 36.175 34.6773 13.6805 13.3476 15.6908 17.1895 9.58856 10.2883 12.2823 12.9363 9.92286 12.1538 11.6998 13.4853 2.61126 0 21.4638 21.7673 15.0802 36.1107 22.0695 30.4011 16.294 16.3565 18.9442 15.181 32.4323 29.7425 30.9359 30.2216 28.3524 28.3493 29.2007 26.0333 28.2946 31.4924 28.6754 27.4762 6.80411 11.7012 17.5269 46.4775 26.5349 27.8154 21.4898 24.2964 3.18523 25.1041
21.8475 21.0195 21.7386 20.4003 21.2552 19.6357 46.4928 55.0872 56.0559 48.646 50.5888 50.8502 53.2859 47.827 36.3366 37.8977 38.7575 36.8829 32.4954 32.8795 29.9246 33.706 15.2636 13.6064 16.2517 13.9979 22.0256 21.4638 0 2.56579 7.39995 38.6498 16.7244 42.9107 37.2477 31.6295 34.7055 34.2248 40.2281 45.4545 42.7157 42.0562 29.3816 32.3406 32.608 30.0165 44.142 46.7315 47.6017 42.4491 16.726 13.5426 8.10864 44.381 29.4189 52.9503 19.6828 33.1588 24.9121 6.4597
23.9709 22.4201 22.9899 21.4498 23.3848 18.7923 48.9025 49.1385 53.9231 54.1238 46.3903 51.288 47.5086 49.3624 38.7015 35.0656 39.9811 36.5888 28.5842 33.7566 33.4776 33.4576 15.7662 14.498 18.4018 15.0061 25.6491 21.7673 2.56579 0 9.68876 45.9791 16.5657 46.1058 39.6184 33.6734 40.8374 38.4867 44.3425 41.2226 47.4004 40.5816 30.7004 32.9771 31.021 34.1243 44.6148 46.4228 48.0624 45.6978 17.7133 14.6124 9.0804 42.1268 33.0792 50.7777 20.9865 33.5728 27.3806 4.56603
14.3967 14.9318 15.1235 13.6723 13.4119 12.6196 41.8544 44.8487 39.5745 45.6105 36.2986 42.4082 43.3483 45.6655 27.5473 28.8837 30.2646 26.3898 21.2286 23.3481 21.3121 25.9636 6.60031 4.77446 8.74421 8.41888 14.8942 15.0802 7.39995 9.68876 0 35.7407 13.2806 34.8958 32.1157 31.2452 26.8946 26.6319 38.4154 38.751 34.2524 36.4365 24.0476 23.6663 23.819 25.1933 41.9917 34.7394 35.8439 34.9171 11.1823 6.22749 2.70786 43.7489 28.4936 44.3401 14.7471 27.9343 15.7297 9.86203
27.5982 24.6689 25.7388 27.8381 29.293 26.0902 24.716 29.2335 29.5659 26.0495 20.0837 22.8818 21.4508 24.3485 39.4725 39.466 34.9446 35.3806 34.8163 31.012 29.7744 31.5056 30.1811 32.9669 30.3995 31.0209 40.2333 36.1107 38.6498 45.9791 35.7407 0 24.9729 20.3992 48.6205 54.7562 50.8278 49.9731 15.6839 13.236 13.5847 14.2413 11.7605 12.4816 11.5257 11.4405 30.3815 25.4536 30.519 25.1173 41.2355 32.7858 32.404 5.02206 10.227 40.5922 23.6187 11.9586 37.3427 39.0726
12.2519 12.5498 11.9796 11.7239 13.6322 10.2333 36.2264 33.5684 39.1031 40.5215 33.3226 34.2844 36.4985 35.9511 27.4251 27.1036 27.7184 31.9693 26.3952 25.852 25.8173 26.1083 10.7817 9.44161 10.7122 8.72602 24.6587 22.0695 16.7244 16.5657 13.2806 24.9729 0 30.3777 42.0322 40.8902 35.2562 39.5241 29.6622 24.932 26.1916 27.5715 13.1125 12.6008 13.8685 12.5207 33.9278 35.2543 34.2256 33.7608 22.2459 10.1965 11.4817 30.7042 16.1362 41.7116 2.08708 17.8879 23.759 15.7668
22.6295 25.9595 24.156 22.9733 26.1103 27.8331 8.14214 7.57012 8.19515 8.98524 2.53209 3.00663 3.77615 4.32738 29.076 23.4579 26.2899 21.1881 23.1946 25.0098 22.6254 21.4139 31.8352 34.2207 27.7193 33.88 30.3635 30.4011 42.9107 46.1058 34.8958 20.3992 30.3777 0 42.2972 44.0123 45.7591 44.2325 5.35548 6.00944 4.6793 5.24417 19.9899 22.3684 19.1756 21.2055 9.91835 8.11289 8.71786 7.51869 39.6736 30.8653 38.5011 22.7065 18.683 21.6544 31.8099 14.2054 28.8505 47.3343
25.689 27.6777 26.3617 27.1796 27.3801 28.1022 41.1797 41.1326 40.3611 46.531 41.4305 45.101 46.1607 49.8448 18.3483 18.4099 17.9364 18.8292 17.8271 19.7848 19.9656 21.493 25.5241 32.7386 26.9617 31.4832 14.8623 16.294 37.2477 39.6184 32.1157 48.6205 42.0322 42.2972 0 1.06738 1.01171 1.27951 41.1423 42.0147 44.2452 47.8841 43.2159 48.2019 43.423 43.4024 40.0246 40.5171 35.7061 36.7374 21.1003 32.1429 29.7898 60.8852 42.1413 34.7507 39.5639 41.8134 16.6356 44.027
26.2671 28.4501 30.5333 26.5006 27.2751 31.0304 42.9379 40.3305 42.4973 46.7401 40.5498 40.4854 47.7112 49.1902 15.1801 18.6323 19.2384 20.3877 20.4585 20.3671 21.691 22.5111 29.3019 28.7063 30.2174 31.1823 15.9229 16.3565 31.6295 33.6734 31.2452 54.7562 40.8902 44.0123 1.06738 0 1.30883 0.946138 46.9067 43.8357 49.0674 49.9809 44.5175 43.5186 40.5746 46.1698 33.0696 37.954 34.1943 40.3672 17.7381 29.8455 32.2237 61.5773 44.6089 33.6354 38.6397 45.0425 16.0745 39.3256
26.2858 29.0128 30.3714 30.2265 26.228 27.8133 43.3464 38.6092 40.754 46.2348 40.9159 45.5091 41.597 40.8819 16.3501 17.5763 18.4093 21.4155 17.071 20.2245 19.8714 23.444 27.6278 31.5876 25.8301 30.5768 16.0009 18.9442 34.7055 40.8374 26.8946 50.8278 35.2562 45.7591 1.01171 1.30883 0 0.993219 44.0417 41.1914 47.4805 48.751 39.8553 41.705 39.0855 46.1164 36.2345 37.9737 39.9655 33.5134 21.2199 29.9482 31.4411 56.308 42.2517 27.8936 34.8388 46.166 16.8388 36.5796
25.7178 28.6692 30.3104 27.5467 24.1565 29.8918 37.2056 40.8216 45.6381 42.4785 38.1472 43.1858 44.5679 41.5802 17.17 16.9979 19.7594 20.6045 17.2139 20.7708 20.7919 22.5642 24.835 27.7163 24.8056 27.4944 15.5697 15.181 34.2248 38.4867 26.6319 49.9731 39.5241 44.2325 1.27951 0.946138 0.993219 0 42.064 45.7173 46.5245 42.7995 43.8477 45.498 40.6564 39.4676 33.1164 34.5827 39.476 38.8327 19.545 28.5449 31.3988 57.78 41.7419 29.5084 35.8899 43.1316 15.6016 37.8142
24.384 22.9342 23.9969 23.0875 23.6129 24.3599 12.905 12.7244 12.5091 12.6091 7.51388 7.24756 7.50361 8.49291 25.9272 27.9374 25.6061 27.1328 27.3634 25.8278 23.0187 20.6508 33.0277 30.128 28.3112 29.4223 33.1635 32.4323 40.2281 44.3425 38.4154 15.6839 29.6622 5.35548 41.1423 46.9067 44.0417 42.064 0 0.967954 1.09234 1.39869 15.3307 16.3231 14.0424 15.6487 13.509 12.0758 14.9868 12.6547 40.6913 29.5153 33.4638 19.1301 12.4683 23.7804 25.3562 11.3433 30.0717 45.2452
23.6938 23.2485 20.7455 22.6498 23.3702 22.4981 12.9162 14.4138 12.9886 15.3163 8.98184 7.97446 8.82331 10.0093 29.8138 29.1761 24.2916 27.7053 25.3468 24.2743 25.4976 21.5283 29.9273 30.4295 29.2142 29.472 31.7355 29.7425 45.4545 41.2226 38.751 13.236 24.932 6.00944 42.0147 43.8357 41.1914 45.7173 0.967954 0 1.33401 1.03451 15.0991 15.3549 13.7989 14.9765 15.0353 13.5894 14.0203 12.718 35.8203 27.9273 37.3034 16.8027 12.425 26.6504 24.7265 10.5066 28.8443 41.6756
21.0523 23.0897 21.3107 24.4039 22.9174 24.6804 14.159 12.0227 13.9428 14.0588 8.04509 7.04249 7.47246 8.8056 27.6524 30.4706 27.6379 28.3789 24.6196 26.26 24.0915 21.4222 32.9432 34.7169 29.2827 31.2786 31.204 30.9359 42.7157 47.4004 34.2524 13.5847 26.1916 4.6793 44.2452 49.0674 47.4805 46.5245 1.09234 1.33401 0 0.917459 16.7641 18.6962 16.4873 16.5771 13.4998 13.2889 14.5065 13.8491 42.4419 34.4535 35.3147 18.5109 13.0589 24.5813 27.2639 12.0484 29.5487 45.0704
25.0531 25.1918 23.1615 24.5048 26.0132 25.6531 14.9542 15.2222 12.838 14.1295 8.4455 8.68253 9.04659 9.54859 31.1871 29.7954 30.1493 24.9388 24.4962 24.1328 25.2417 24.5111 30.5289 29.8272 27.892 28.1334 37.0087 30.2216 42.0562 40.5816 36.4365 14.2413 27.5715 5.24417 47.8841 49.9809 48.751 42.7995 1.39869 1.03451 0.917459 0 14.6974 16.0763 14.4947 14.74 16.0665 15.1998 13.6559 13.0372 42.6462 30.4123 38.352 18.7191 12.1872 27.4388 27.9117 12.5569 33.4267 41.408
16.6503 15.3112 15.3878 14.2863 19.367 15.1754 26.6265 29.1399 27.3857 28.0847 20.5762 24.5083 25.5514 25.0844 30.2488 31.7005 29.9463 27.3438 22.7916 23.7345 23.5387 24.1465 18.9808 19.6898 17.5153 17.8911 29.2108 28.3524 29.3816 30.7004 24.0476 11.7605 13.1125 19.9899 43.2159 44.5175 39.8553 43.8477 15.3307 15.0991 16.7641 14.6974 0 1.00075 0.950476 1.33657 24.064 26.029 26.8429 23.3743 29.8872 19.0399 21.7202 17.7104 2.85879 34.3572 11.182 4.59805 28.5633 29.224
16.5562 14.9059 15.5425 14.0117 17.4924 16.3201 28.517 25.57 27.7204 27.975 23.4062 21.4592 23.546 25.842 33.4639 30.7139 27.9756 31.738 23.5144 22.8864 23.8736 25.3699 21.0924 18.2096 18.1496 17.6027 28.1495 28.3493 32.3406 32.9771 23.6663 12.4816 12.6008 22.3684 48.2019 43.5186 41.705 45.498 16.3231 15.3549 18.6962 16.0763 1.00075 0 1.35833 1.09429 27.9605 25.6945 27.8863 26.8413 31.5484 18.3112 24.5686 17.3445 3.95554 34.1086 10.1868 5.03063 26.858 26.4523
14.619 16.1108 16.1569 15.9707 19.6593 15.5817 25.9919 28.5563 30.3248 25.5428 22.873 20.2642 24.8691 24.4801 28.0123 29.6801 30.3721 30.2861 25.1219 23.4437 25.0016 25.0689 21.9201 18.3868 18.5421 17.7904 26.6517 29.2007 32.608 31.021 23.819 11.5257 13.8685 19.1756 43.423 40.5746 39.0855 40.6564 14.0424 13.7989 16.4873 14.4947 0.950476 1.35833 0 0.995614 26.6161 25.0234 25.9762 22.6258 31.3382 20.0892 24.4974 17.1752 2.32276 31.1207 11.5933 3.464 29.2199 28.5027
17.7051 17.2204 14.9561 15.8284 20.5039 15.9791 27.2298 26.8605 28.3116 30.9296 21.8723 24.0633 25.3904 24.1047 29.2623 32.2398 29.3999 31.5071 25.4911 23.1109 26.0253 25.0873 19.823 21.8755 17.8702 17.7555 30.441 26.0333 30.0165 34.1243 25.1933 11.4405 12.5207 21.2055 43.4024 46.1698 46.1164 39.4676 15.6487 14.9765 16.5771 14.74 1.33657 1.09429 0.995614 0 27.6702 26.2812 25.6686 27.6008 32.2727 20.3783 21.4485 16.3511 3.2735 36.7046 11.4068 4.70976 26.5049 30.8771
21.6777 21.44 22.2726 26.3439 25.8006 27.5856 4.11625 5.19123 6.86475 7.60215 6.50418 8.05875 9.7848 9.54435 20.7349 19.5422 17.5635 14.6448 18.876 19.2942 17.2641 17.1861 30.745 32.7797 32.5261 34.813 30.1624 28.2946 44.142 44.6148 41.9917 30.3815 33.9278 9.91835 40.0246 33.0696 36.2345 33.1164 13.509 15.0353 13.4998 16.0665 24.064 27.9605 26.6161 27.6702 0 0.925619 0.977437 1.4681 34.8453 32.943 36.3943 34.6322 24.7728 10.0516 34.9212 23.5232 24.1451 48.6082
22.0743 25.1648 21.9143 22.8325 22.08 24.1442 4.0021 5.66641 6.73395 8.13476 5.81477 6.82654 8.29939 9.23989 19.3212 17.2619 16.6238 16.2095 20.6406 18.8282 17.6464 15.5563 34.2366 32.4288 29.2691 28.0264 26.6042 31.4924 46.7315 46.4228 34.7394 25.4536 35.2543 8.11289 40.5171 37.954 37.9737 34.5827 12.0758 13.5894 13.2889 15.1998 26.029 25.6945 25.0234 26.2812 0.925619 0 1.47195 0.922782 34.3223 30.9274 37.3326 32.4935 23.3135 12.3715 29.9737 22.8623 28.6848 49.6145
22.3103 22.6092 24.4383 23.272 23.6212 25.2716 3.11074 4.37041 5.56068 6.731 6.90757 8.02791 8.83221 9.46647 21.4658 20.5239 18.9192 15.9751 21.0275 17.9127 20.2692 16.2874 32.4428 37.5018 32.7036 33.3443 29.2548 28.6754 47.6017 48.0624 35.8439 30.519 34.2256 8.71786 35.7061 34.1943 39.9655 39.476 14.9868 14.0203 14.5065 13.6559 26.8429 27.8863 25.9762 25.6686 0.977437 1.47195 0 0.927056 38.8781 33.0061 37.4988 32.1435 21.495 10.9426 30.8739 23.1763 25.3236 51.5843
24.2936 25.383 22.6504 24.0234 24.1238 26.1224 3.17343 4.33433 5.96177 6.70261 6.24206 5.94021 7.53516 7.85593 22.4389 19.0061 19.7064 16.2675 21.903 19.5455 18.4469 18.7043 31.2184 36.1529 32.5689 29.1609 28.3744 27.4762 42.4491 45.6978 34.9171 25.1173 33.7608 7.51869 36.7374 40.3672 33.5134 38.8327 12.6547 12.718 13.8491 13.0372 23.3743 26.8413 22.6258 27.6008 1.4681 0.922782 0.927056 0 37.8867 34.491 36.5422 31.896 22.5505 10.9138 31.8846 20.1299 28.2435 46.368
15.2503 16.0297 16.0085 17.2668 14.3407 13.7245 39.3667 39.9127 39.5202 46.611 36.936 41.462 38.6653 43.6397 20.7652 20.4738 23.6734 23.6414 15.1752 18.4602 17.8634 21.3905 10.573 12.9406 11.3075 14.1284 8.66354 6.80411 16.726 17.7133 11.1823 41.2355 22.2459 39.6736 21.1003 17.7381 21.2199 19.545 40.6913 35.8203 42.4419 42.6462 29.8872 31.5484 31.3382 32.2727 34.8453 34.3223 38.8781 37.8867 0 10.6865 13.6751 43.7485 28.0737 35.2837 23.4922 30.3887 9.2118 22.4308
9.27429 9.95011 9.05919 7.81685 8.55504 6.23815 38.9753 36.9855 40.958 41.0979 36.3913 35.5969 38.0377 36.0528 21.8119 21.838 24.1628 24.9378 18.1819 19.8733 17.6127 20.7975 1.46701 1.00648 2.61094 2.47464 13.9583 11.7012 13.5426 14.6124 6.22749 32.7858 10.1965 30.8653 32.1429 29.8455 29.9482 28.5449 29.5153 27.9273 34.4535 30.4123 19.0399 18.3112 20.0892 20.3783 32.943 30.9274 33.0061 34.491 10.6865 0 5.9913 36.8819 19.3945 36.2825 9.17869 19.6777 15.0015 15.7187
15.6424 14.7681 12.8549 13.1944 15.8897 11.0955 45.5239 39.9499 39.6514 47.7467 36.555 37.1889 44.0476 44.2437 28.3655 27.8986 31.8515 28.5675 23.7031 23.5474 24.6223 26.6397 7.13762 4.47789 9.10495 7.19383 17.6034 17.5269 8.10864 9.0804 2.70786 32.404 11.4817 38.5011 29.7898 32.2237 31.4411 31.3988 33.4638 37.3034 35.3147 38.352 21.7202 24.5686 24.4974 21.4485 36.3943 37.3326 37.4988 36.5422 13.6751 5.9913 0 40.4192 26.8904 45.9577 12.3483 25.9959 20.1458 8.93757
33.6355 29.7604 33.7711 30.9542 35.3657 32.8017 28.3916 29.3165 30.8346 33.5326 23.9192 23.0132 23.9827 25.8092 46.8655 40.1673 44.7467 41.4793 35.895 41.249 34.3496 34.7627 39.3492 36.6054 37.5138 36.7884 43.819 46.4775 44.381 42.1268 43.7489 5.02206 30.7042 22.7065 60.8852 61.5773 56.308 57.78 19.1301 16.8027 18.5109 18.7191 17.7104 17.3445 17.1752 16.3511 34.6322 32.4935 32.1435 31.896 43.7485 36.8819 40.4192 0 15.637 46.6641 27.0653 16.4364 45.7907 44.9958
15.7671 16.0924 14.1478 13.4874 17.5897 15.7837 26.1206 25.3611 26.2117 23.7851 19.9087 19.0181 20.9137 22.9441 26.629 25.2969 26.278 27.2807 26.2065 25.646 23.4497 23.1824 23.2752 19.4498 17.9082 19.4473 27.0404 26.5349 29.4189 33.0792 28.4936 10.227 16.1362 18.683 42.1413 44.6089 42.2517 41.7419 12.4683 12.425 13.0589 12.1872 2.85879 3.95554 2.32276 3.2735 24.7728 23.3135 21.495 22.5505 28.0737 19.3945 26.8904 15.637 0 30.1057 14.2869 1.25991 28.7662 27.9028
26.3719 26.3292 25.9961 30.868 29.5381 32.1062 13.9148 14.4393 15.3118 14.6026 16.5989 17.6309 18.838 19.497 17.9624 14.7863 13.9198 13.5493 20.5124 18.347 16.9348 18.4409 38 36.9057 32.5345 33.9795 25.4682 27.8154 52.9503 50.7777 44.3401 40.5922 41.7116 21.6544 34.7507 33.6354 27.8936 29.5084 23.7804 26.6504 24.5813 27.4388 34.3572 34.1086 31.1207 36.7046 10.0516 12.3715 10.9426 10.9138 35.2837 36.2825 45.9577 46.6641 30.1057 0 36.5747 31.6169 28.4255 47.4299
11.2421 12.1481 10.7912 10.7528 14.8736 9.56231 31.6986 34.4882 35.2945 36.3713 32.4359 29.8212 29.8341 32.1533 26.8402 29.0585 28.7644 31.5538 24.7329 24.7446 24.4846 22.5394 10.4929 10.5833 8.9156 7.095 20.6619 21.4898 19.6828 20.9865 14.7471 23.6187 2.08708 31.8099 39.5639 38.6397 34.8388 35.8899 25.3562 24.7265 27.2639 27.9117 11.182 10.1868 11.5933 11.4068 34.9212 29.9737 30.8739 31.8846 23.4922 9.17869 12.3483 27.0653 14.2869 36.5747 0 13.3911 23.3308 16.7221
16.0146 15.2408 15.9728 13.5777 16.9555 17.4334 23.8562 22.5473 25.8874 26.3988 16.5884 16.9629 19.2157 18.1552 28.6983 28.0633 26.1313 26.6869 25.3783 22.8802 23.5309 21.1227 24.0894 19.9374 18.5584 20.8791 30.4116 24.2964 33.1588 33.5728 27.9343 11.9586 17.8879 14.2054 41.8134 45.0425 46.166 43.1316 11.3433 10.5066 12.0484 12.5569 4.59805 5.03063 3.464 4.70976 23.5232 22.8623 23.1763 20.1299 30.3887 19.6777 25.9959 16.4364 1.25991 31.6169 13.3911 0 29.4279 32.8602
11.9328 11.031 13.7568 13.815 9.0187 14.5932 29.2338 33.8579 31.9684 37.8204 31.3292 32.2053 34.9229 36.4582 9.71674 11.2796 12.2916 13.9123 6.66629 7.36356 8.75296 10.5759 12.1746 16.6154 14.1584 16.1343 1.71001 3.18523 24.9121 27.3806 15.7297 37.3427 23.759 28.8505 16.6356 16.0745 16.8388 15.6016 30.0717 28.8443 29.5487 33.4267 28.5633 26.858 29.2199 26.5049 24.1451 28.6848 25.3236 28.2435 9.2118 15.0015 20.1458 45.7907 28.7662 28.4255 23.3308 29.4279 0 24.9622
24.6464 24.7048 21.1122 22.7651 25.0786 20.1225 52.8099 50.8687 53.367 54.8997 48.3287 51.8338 48.4236 52.1479 34.2363 40.8403 38.5265 36.5345 34.1662 35.1608 33.5141 35.0969 15.2895 13.4133 17.5903 16.1084 28.5117 25.1041 6.4597 4.56603 9.86203 39.0726 15.7668 47.3343 44.027 39.3256 36.5796 37.8142 45.2452 41.6756 45.0704 41.408 29.224 26.4523 28.5027 30.8771 48.6082 49.6145 51.5843 46.368 22.4308 15.7187 8.93757 44.9958 27.9028 47.4299 16.7221 32.8602 24.9622 0
