8
50
60
0 0.596976 1.18686 1.75928 2.57638 3.97904 26.6724 27.5454 30.5944 27.5538 21.9501 25.0981 25.4148 30.2368 17.4532 17.8875 17.8915 16.2622 12.1994 11.2587 11.3228 11.7303 8.90371 10.2065 6.54036 8.82935 13.1705 10.1854 24.4874 26.0677 14.0019 24.0759 12.218 23.1138 26.9624 25.1385 28.8922 28.797 24.2227 21.4066 24.7118 23.5213 16.2777 15.3472 16.3874 17.3476 22.1389 21.3678 23.0927 21.3526 14.4457 10.0667 15.226 33.9282 16.1694 25.304 12.9151 16.5692 12.6124 25.5522
0.596976 0 0.640914 1.35355 3.22134 3.38547 24.403 26.3007 26.5454 29.3083 24.3815 25.1766 25.9133 27.8606 15.602 16.9072 17.7325 17.3759 12.0157 10.6988 12.8579 12.8474 8.00988 10.213 6.4974 8.21527 14.1806 11.4249 21.9615 24.1727 15.2253 26.1787 13.7964 23.4708 27.6918 26.2749 26.1754 27.5999 21.8541 22.0544 23.5215 23.8583 15.3367 16.7276 15.0377 14.9816 24.3639 21.1868 25.559 24.4201 15.8043 8.69947 13.2836 28.7845 15.5516 27.1592 11.4503 16.8052 12.0846 24.3816
1.18686 0.640914 0 0.616661 3.65412 3.14098 28.3039 28.0283 28.4261 27.6145 25.9351 25.6051 24.6228 26.4909 17.076 17.4144 19.1082 17.8601 13.4011 13.3026 11.6564 13.8636 8.25054 8.97071 6.25063 7.65215 13.1103 11.0981 20.9729 21.2717 15.8639 23.9991 12.2678 23.3155 30.741 25.5241 26.0958 26.7667 23.9113 24.507 21.1439 23.0847 14.6098 13.6779 14.2763 15.1039 26.2726 21.7714 25.2516 24.0009 17.5703 8.72461 14.1234 31.5338 14.0032 30.4494 9.84066 15.951 13.4178 24.5835
1.75928 1.35355 0.616661 0 4.19101 2.33382 27.9041 31.0761 28.2239 28.9093 25.1819 28.3582 28.7036 30.9498 17.1129 19.0808 17.929 17.852 12.8754 12.6182 13.4518 13.5146 9.07141 9.96085 6.21609 6.55416 13.6494 11.6487 20.4354 22.5419 13.6661 27.0025 12.0747 23.7055 28.0973 28.1773 31.4045 30.1822 23.671 22.687 22.8893 22.4919 12.8857 15.0358 13.7606 16.4123 25.0621 22.6362 24.5313 24.6482 16.6802 8.25942 13.8143 29.8272 13.6293 30.8034 9.32599 15.6761 12.054 21.786
2.57638 3.22134 3.65412 4.19101 0 5.20684 26.8499 31.3541 30.9872 31.6549 24.3084 26.9064 27.5479 30.1152 15.5681 15.1907 16.468 15.8058 10.0413 10.1191 10.3934 10.3214 7.91463 10.3949 6.77967 7.88334 10.1706 9.13236 22.7195 22.6448 13.0569 29.8446 16.1468 24.2616 24.6362 24.6145 23.3987 23.1326 26.3201 26.1611 26.2696 23.7066 18.3632 17.1479 17.947 20.4026 26.1002 24.7272 22.8315 24.1258 13.7073 9.23299 16.0435 33.4723 19.5955 25.1201 14.0406 19.3708 8.58237 23.2736
3.97904 3.38547 3.14098 2.33382 5.20684 0 31.7866 33.6519 29.7611 35.9612 28.7383 28.6787 28.1492 31.0418 17.9899 18.9544 22.0792 19.0618 14.0101 13.9969 16.3223 16.6298 6.55963 7.27659 3.40388 5.0092 13.1179 13.2657 19.4732 20.4997 11.3902 27.7988 10.2169 27.748 30.4568 30.8054 28.3388 27.7398 25.0545 24.1477 25.9065 25.5587 16.1229 14.7748 14.5793 16.27 29.5555 25.2711 28.5021 26.633 13.7331 6.55665 11.6879 29.8693 16.9003 29.9487 9.45816 17.8434 14.7087 19.3787
26.6724 24.403 28.3039 27.9041 26.8499 31.7866 0 1.37927 2.37567 3.786 5.34471 5.89301 6.42297 7.08486 24.7554 24.3562 20.6664 19.2963 22.2727 24.1374 20.9402 21.3512 32.5536 39.6528 36.6444 32.0621 31.7165 31.5888 53.7195 45.6546 44.7807 27.4383 35.8111 8.33067 43.446 43.6428 38.0823 38.7392 14.1274 14.078 13.6674 14.3853 26.8654 29.0031 24.2886 28.3241 4.28861 3.88897 3.09182 3.45487 39.8232 37.0318 39.4049 32.1134 23.3387 13.3659 33.4229 24.778 32.4334 53.7836
27.5454 26.3007 28.0283 31.0761 31.3541 33.6519 1.37927 0 1.34631 2.40526 5.56275 5.85577 5.46389 6.21585 26.4138 24.3405 24.667 21.948 23.3667 21.9441 24.6396 22.1558 37.0531 39.9558 34.0427 37.4657 33.929 32.1024 46.7554 49.7018 46.8834 26.2484 40.5733 8.24226 44.154 45.7901 37.6663 43.8797 12.8973 13.3343 11.7906 14.4789 24.8672 28.0375 28.5764 26.428 6.01849 5.74466 4.09733 4.40296 38.4108 40.0772 44.0127 31.105 22.8238 13.2456 33.45 23.4376 34.604 46.5462
30.5944 26.5454 28.4261 28.2239 30.9872 29.7611 2.37567 1.34631 0 1.23871 5.94734 5.63096 5.34287 5.14558 28.2691 24.737 23.2766 24.7075 25.123 24.198 25.5023 23.8399 37.0741 36.2459 35.8487 40.0763 32.2865 35.9398 54.9469 56.7923 48.0972 28.5506 41.5221 8.26663 39.5264 42.3607 45.7013 39.9233 13.1817 14.1002 12.4209 13.6286 25.5792 29.0028 29.9051 26.2875 7.37829 6.67838 5.53848 5.57066 46.107 35.8654 46.1923 29.1327 26.9988 14.994 34.1228 23.1848 31.9778 48.9897
27.5538 29.3083 27.6145 28.9093 31.6549 35.9612 3.786 2.40526 1.23871 0 6.74966 5.518 5.66334 5.61525 26.7153 28.151 27.8584 25.1651 30.1469 27.2097 23.8044 24.8479 36.82 43.0283 39.3178 39.2266 39.1241 34.2525 54.7378 55.0429 47.1287 30.1485 36.5253 9.03406 42.8953 44.1608 42.9963 42.3663 13.7158 14.7134 12.3246 14.3697 26.563 27.3869 28.9655 31.2604 7.902 7.55242 7.30116 6.89333 44.5917 36.8014 47.2632 33.6987 25.7917 17.4305 36.7171 26.3465 34.9748 48.607
21.9501 24.3815 25.9351 25.1819 24.3084 28.7383 5.34471 5.56275 5.94734 6.74966 0 1.32575 2.36808 4.1524 25.2347 25.3047 25.2565 21.811 24.8913 21.7549 21.901 20.3654 36.2247 34.5668 30.0986 33.0173 32.1839 32.085 46.6881 44.5761 38.9325 21.0895 33.6785 2.68609 42.4311 46.1395 37.9502 41.031 7.88559 8.53772 7.86163 8.6639 21.4987 22.0989 23.3642 23.9433 6.56163 5.88903 6.84936 5.73357 40.6098 34.5644 39.0037 25.5469 17.6667 18.8029 32.8927 16.2227 32.7786 45.7672
25.0981 25.1766 25.6051 28.3582 26.9064 28.6787 5.89301 5.85577 5.63096 5.518 1.32575 0 1.22934 2.78659 26.2675 23.8192 23.2353 22.5531 25.4436 26.6194 24.9822 20.7931 36.6656 36.3601 30.9154 31.966 35.1424 36.9291 47.2221 49.1586 38.8081 22.9623 34.369 2.81044 44.2671 46.3717 44.2669 39.4659 8.37583 8.83587 8.31324 9.04146 21.9323 21.857 20.9982 25.197 8.51368 6.71652 7.4495 6.40694 38.3292 34.8031 41.5746 25.7728 18.2689 16.7948 30.6299 17.2406 30.1517 45.6633
25.4148 25.9133 24.6228 28.7036 27.5479 28.1492 6.42297 5.46389 5.34287 5.66334 2.36808 1.22934 0 1.29741 30.617 27.45 23.9882 23.8828 29.1212 24.0771 22.1695 22.1035 32.3565 33.5173 32.6978 31.8502 33.1407 33.8395 50.0224 50.171 39.0157 22.7867 32.9728 3.93309 45.5809 47.677 47.3038 40.7794 8.9031 9.21427 8.02894 8.01662 24.8432 25.7869 21.298 23.5922 8.67185 8.54536 7.86099 7.52044 39.0009 36.8627 39.9964 27.0309 22.5785 17.3994 29.3873 17.5879 32.6565 51.5111
30.2368 27.8606 26.4909 30.9498 30.1152 31.0418 7.08486 6.21585 5.14558 5.61525 4.1524 2.78659 1.29741 0 29.3327 25.1058 25.336 26.071 29.8074 25.2357 26.733 26.1152 35.6611 38.0079 35.1837 38.8023 39.667 34.258 50.3552 48.1633 43.6408 20.2712 33.5686 4.82535 42.2095 42.8735 49.4623 41.4041 8.88014 9.18096 8.06423 9.11882 25.2307 24.8859 21.8682 25.6309 9.56578 9.07526 8.58025 8.67441 38.4973 38.8561 39.6022 24.6246 19.4782 20.0991 31.1818 18.6872 34.454 47.1979
17.4532 15.602 17.076 17.1129 15.5681 17.9899 24.7554 26.4138 28.2691 26.7153 25.2347 26.2675 30.617 29.3327 0 1.3191 2.36146 3.7243 5.43033 5.54736 5.41927 7.15262 19.5575 22.0217 19.5098 23.61 11.4839 13.1711 31.3179 32.8129 25.5475 41.3055 28.6127 25.7471 17.1627 16.0758 17.3653 16.621 27.9494 31.5194 28.3782 29.6061 29.0271 33.0862 28.1658 29.5253 18.0611 20.3238 21.9106 22.4709 20.9082 20.8201 28.6428 46.1763 29.7357 15.3519 26.503 30.2276 9.29075 34.8807
17.8875 16.9072 17.4144 19.0808 15.1907 18.9544 24.3562 24.3405 24.737 28.151 25.3047 23.8192 27.45 25.1058 1.3191 0 1.36612 2.30385 5.86544 5.57554 5.18995 6.06417 19.8399 22.219 19.738 21.592 12.4037 13.1902 35.3133 36.3153 26.6886 35.8737 28.2618 25.9157 18.2012 18.5397 15.6152 16.1523 29.6244 28.9969 29.5301 30.5033 31.5552 32.5414 30.1041 28.3785 16.9469 18.9146 21.658 19.1364 21.7638 24.7996 30.1479 44.0304 29.1592 14.3278 31.2931 26.2674 10.2838 39.0881
17.8915 17.7325 19.1082 17.929 16.468 22.0792 20.6664 24.667 23.2766 27.8584 25.2565 23.2353 23.9882 25.336 2.36146 1.36612 0 1.1584 5.83897 5.76201 5.65345 5.60099 22.8527 24.7387 19.6376 24.5836 13.5281 15.4758 38.6832 35.1702 29.0741 39.0379 31.5506 26.378 20.1982 18.6222 18.5025 17.0171 27.2866 29.5472 27.5157 26.0937 26.319 29.8622 27.782 27.9875 16.3596 17.2076 19.4946 20.3121 20.317 22.7716 28.8575 42.6645 25.9688 13.6811 29.7981 28.6462 11.3981 34.7512
16.2622 17.3759 17.8601 17.852 15.8058 19.0618 19.2963 21.948 24.7075 25.1651 21.811 22.5531 23.8828 26.071 3.7243 2.30385 1.1584 0 6.26865 5.51456 5.54436 5.02894 21.5446 27.7873 20.8576 23.43 14.839 14.8058 37.5352 35.4355 27.0962 33.5387 28.3046 25.4259 20.4758 22.2113 20.5958 20.0031 23.2837 27.3473 28.2541 24.1883 29.1885 28.8218 27.5072 30.9705 15.3712 15.8097 15.9028 16.6223 22.5108 26.7586 28.1942 41.57 25.1304 12.5897 26.1268 25.1163 12.253 36.9872
12.1994 12.0157 13.4011 12.8754 10.0413 14.0101 22.2727 23.3667 25.123 30.1469 24.8913 25.4436 29.1212 29.8074 5.43033 5.86544 5.83897 6.26865 0 1.20889 2.6332 4.02018 17.1876 17.7108 15.7871 17.6232 9.52407 10.3669 30.6024 31.1672 22.104 31.1049 25.0389 24.2404 20.9453 20.6653 19.424 19.9435 26.9972 27.1793 29.1419 26.1861 24.7965 23.123 27.4047 24.4464 20.279 19.8575 19.1128 21.1972 15.0034 18.2746 24.9521 39.1392 23.6802 21.2672 21.1133 23.0936 7.42159 29.2825
11.2587 10.6988 13.3026 12.6182 10.1191 13.9969 24.1374 21.9441 24.198 27.2097 21.7549 26.6194 24.0771 25.2357 5.54736 5.57554 5.76201 5.51456 1.20889 0 1.34454 2.466 16.68 19.3244 14.7732 16.7203 10.3697 10.2645 33.0349 31.9067 24.5521 33.887 22.7235 25.4579 21.6533 20.1776 20.9724 17.9609 26.2606 27.0043 24.5321 24.3397 23.6207 23.7805 24.7815 27.0663 18.8955 19.0769 20.7398 19.4743 17.2733 16.8834 26.0798 36.0113 21.2061 18.896 23.8958 24.222 8.61258 31.3216
11.3228 12.8579 11.6564 13.4518 10.3934 16.3223 20.9402 24.6396 25.5023 23.8044 21.901 24.9822 22.1695 26.733 5.41927 5.18995 5.65345 5.54436 2.6332 1.34454 0 1.1766 18.8785 21.4337 16.3859 18.8449 11.9818 11.2224 30.5535 35.5344 21.7067 35.7503 25.3086 20.6006 20.281 20.2414 21.3927 20.9705 24.8009 23.5657 26.5387 26.1626 25.6419 24.9602 25.9835 26.4175 19.0144 18.7118 19.7013 19.5923 20.2533 20.125 25.0933 35.8586 24.6516 18.6627 22.9451 21.9741 8.7073 31.0477
11.7303 12.8474 13.8636 13.5146 10.3214 16.6298 21.3512 22.1558 23.8399 24.8479 20.3654 20.7931 22.1035 26.1152 7.15262 6.06417 5.60099 5.02894 4.02018 2.466 1.1766 0 17.7568 18.9713 18.5643 19.1533 12.5583 14.0038 31.4105 34.3485 26.3836 31.7101 25.9335 23.2505 22.4465 20.2479 24.0221 23.0185 23.3253 21.6975 21.0672 25.8584 23.2035 25.9386 22.8151 23.7996 16.7845 15.581 15.8933 16.3712 21.8396 18.4634 26.0918 36.4684 20.1434 18.5115 24.6228 21.723 9.96122 32.4667
8.90371 8.00988 8.25054 9.07141 7.91463 6.55963 32.5536 37.0531 37.0741 36.82 36.2247 36.6656 32.3565 35.6611 19.5575 19.8399 22.8527 21.5446 17.1876 16.68 18.8785 17.7568 0 2.3311 2.59962 3.3061 13.5582 11.1616 14.9589 16.0546 5.74052 32.6642 10.8821 33.9539 26.5111 27.0267 27.5691 24.1154 30.1971 28.7823 34.4221 32.5255 22.1061 18.8666 22.2545 19.7604 30.2266 34.1216 31.2816 30.5407 10.2475 1.45162 6.55695 39.8256 20.2259 35.0278 10.8686 20.5471 11.829 16.7998
10.2065 10.213 8.97071 9.96085 10.3949 7.27659 39.6528 39.9558 36.2459 43.0283 34.5668 36.3601 33.5173 38.0079 22.0217 22.219 24.7387 27.7873 17.7108 19.3244 21.4337 18.9713 2.3311 0 3.31461 2.67782 16.292 13.2199 12.2248 13.2222 5.61233 29.0026 9.93641 31.0293 29.9011 31.8097 28.0448 26.7579 31.3354 31.8223 31.7652 32.1298 19.5139 17.9283 22.0628 21.9326 34.8606 32.6064 37.5091 34.3441 11.8575 1.04655 4.82895 38.0961 22.9488 35.1865 9.58164 22.9393 16.705 13.6038
6.54036 6.4974 6.25063 6.21609 6.77967 3.40388 36.6444 34.0427 35.8487 39.3178 30.0986 30.9154 32.6978 35.1837 19.5098 19.738 19.6376 20.8576 15.7871 14.7732 16.3859 18.5643 2.59962 3.31461 0 2.50069 12.4595 10.8121 17.0647 16.01 8.03885 30.3719 9.44638 31.0831 30.4599 30.0567 29.9121 27.7444 29.8519 29.5916 31.0361 31.1725 18.9349 16.6377 19.8486 17.1992 31.6099 31.8803 33.4038 27.5035 12.5217 2.60816 7.57529 37.8085 17.7121 32.3887 10.7054 18.0822 13.4978 15.4453
8.82935 8.21527 7.65215 6.55416 7.88334 5.0092 32.0621 37.4657 40.0763 39.2266 33.0173 31.966 31.8502 38.8023 23.61 21.592 24.5836 23.43 17.6232 16.7203 18.8449 19.1533 3.3061 2.67782 2.50069 0 15.2105 12.6544 13.9158 17.1412 8.02327 28.3867 8.21976 29.2466 28.3336 28.2785 30.2942 31.4097 26.7597 29.6233 32.3098 26.4998 16.1973 17.3655 18.1021 19.1375 34.0453 33.5509 30.8749 34.0469 13.1488 2.32954 6.8614 34.3034 19.1767 32.7939 8.20867 20.904 15.3162 15.2675
13.1705 14.1806 13.1103 13.6494 10.1706 13.1179 31.7165 33.929 32.2865 39.1241 32.1839 35.1424 33.1407 39.667 11.4839 12.4037 13.5281 14.839 9.52407 10.3697 11.9818 12.5583 13.5582 16.292 12.4595 15.2105 0 2.45477 25.2153 25.7002 15.891 41.6415 22.1981 31.219 17.0438 15.6235 15.9227 14.5177 31.1339 35.8939 31.2165 36.5178 26.8004 31.6509 27.2528 32.0296 26.5063 31.2504 30.3229 30.4986 9.09664 15.4079 17.1001 47.763 27.1733 27.9125 22.8575 27.9474 1.84412 28.0129
10.1854 11.4249 11.0981 11.6487 9.13236 13.2657 31.5888 32.1024 35.9398 34.2525 32.085 36.9291 33.8395 34.258 13.1711 13.1902 15.4758 14.8058 10.3669 10.2645 11.2224 14.0038 11.1616 13.2199 10.8121 12.6544 2.45477 0 20.6984 23.9834 13.2876 40.4078 20.2151 30.0429 19.3429 17.4036 17.9573 16.5321 35.2798 30.6602 35.975 30.8456 26.1475 24.403 25.1167 27.5084 30.8647 31.423 32.3306 29.5784 6.69037 11.6428 16.2413 42.9511 26.3894 31.9461 21.5964 28.606 2.93518 24.4014
24.4874 21.9615 20.9729 20.4354 22.7195 19.4732 53.7195 46.7554 54.9469 54.7378 46.6881 47.2221 50.0224 50.3552 31.3179 35.3133 38.6832 37.5352 30.6024 33.0349 30.5535 31.4105 14.9589 12.2248 17.0647 13.9158 25.2153 20.6984 0 2.73556 7.10513 44.9015 16.4517 49.4043 36.1655 30.7427 35.6069 31.6572 43.7874 44.9338 44.2303 44.2458 30.2079 30.0095 30.1721 30.5154 48.7157 41.5432 47.8132 48.5584 15.5616 12.6467 8.6167 44.2119 35.0553 51.7904 19.0772 33.6409 24.3103 6.44564
26.0677 24.1727 21.2717 22.5419 22.6448 20.4997 45.6546 49.7018 56.7923 55.0429 44.5761 49.1586 50.171 48.1633 32.8129 36.3153 35.1702 35.4355 31.1672 31.9067 35.5344 34.3485 16.0546 13.2222 16.01 17.1412 25.7002 23.9834 2.73556 0 10.1974 38.3524 16.4778 50.1268 36.4058 39.6752 33.9487 34.2985 47.7483 43.5214 45.0537 40.8908 32.3665 29.48 29.914 31.7302 45.3951 43.0662 53.1827 50.4864 16.8523 15.3779 9.46674 45.3904 29.6934 55.7566 20.6746 35.4308 26.9366 5.04687
14.0019 15.2253 15.8639 13.6661 13.0569 11.3902 44.7807 46.8834 48.0972 47.1287 38.9325 38.8081 39.0157 43.6408 25.5475 26.6886 29.0741 27.0962 22.104 24.5521 21.7067 26.3836 5.74052 5.61233 8.03885 8.02327 15.891 13.2876 7.10513 10.1974 0 39.3653 13.1694 37.2078 32.0205 29.5721 30.2334 30.1533 36.2498 37.5587 40.9999 36.2367 26.4856 25.5521 24.9534 24.9407 39.6678 41.0357 37.8244 35.7822 10.0576 6.00013 2.98223 38.225 26.9194 38.7307 14.4777 27.592 17.0681 11.6047
24.0759 26.1787 23.9991 27.0025 29.8446 27.7988 27.4383 26.2484 28.5506 30.1485 21.0895 22.9623 22.7867 20.2712 41.3055 35.8737 39.0379 33.5387 31.1049 33.887 35.7503 31.7101 32.6642 29.0026 30.3719 28.3867 41.6415 40.4078 44.9015 38.3524 39.3653 0 24.048 20.4009 56.0355 48.0051 53.8083 55.0174 14.978 12.1161 15.797 13.8843 12.7372 10.9879 12.1824 11.5252 29.1269 24.7404 26.8182 25.13 45.6086 31.1257 31.4312 4.73456 9.96266 41.0395 24.0387 10.3399 39.4207 37.0255
12.218 13.7964 12.2678 12.0747 16.1468 10.2169 35.8111 40.5733 41.5221 36.5253 33.6785 34.369 32.9728 33.5686 28.6127 28.2618 31.5506 28.3046 25.0389 22.7235 25.3086 25.9335 10.8821 9.93641 9.44638 8.21976 22.1981 20.2151 16.4517 16.4778 13.1694 24.048 0 30.7504 41.7906 38.7663 41.4449 37.0583 30.0297 28.9761 29.2424 30.3499 12.9801 13.0295 14.277 12.9312 32.5501 32.1967 35.9492 35.6105 20.7025 9.56114 11.3494 25.942 16.7813 42.4869 1.77188 15.0533 23.9278 14.0454
23.1138 23.4708 23.3155 23.7055 24.2616 27.748 8.33067 8.24226 8.26663 9.03406 2.68609 2.81044 3.93309 4.82535 25.7471 25.9157 26.378 25.4259 24.2404 25.4579 20.6006 23.2505 33.9539 31.0293 31.0831 29.2466 31.219 30.0429 49.4043 50.1268 37.2078 20.4009 30.7504 0 42.559 43.0605 39.587 39.9543 4.57511 5.99522 4.51343 5.54073 21.3002 20.0644 18.8596 19.4256 9.90809 8.76911 10.1604 8.956 41.6053 30.7509 39.0239 23.9726 18.639 21.8569 30.1057 16.1885 30.7191 49.2401
26.9624 27.6918 30.741 28.0973 24.6362 30.4568 43.446 44.154 39.5264 42.8953 42.4311 44.2671 45.5809 42.2095 17.1627 18.2012 20.1982 20.4758 20.9453 21.6533 20.281 22.4465 26.5111 29.9011 30.4599 28.3336 17.0438 19.3429 36.1655 36.4058 32.0205 56.0355 41.7906 42.559 0 0.984806 1.0538 1.354 49.4866 48.0815 46.3874 43.565 44.0948 45.6347 44.2254 42.4178 37.0395 34.3071 41.199 37.2075 19.5052 31.6852 34.2687 55.1833 46.0985 33.8832 37.8691 44.5488 17.2849 42.1558
25.1385 26.2749 25.5241 28.1773 24.6145 30.8054 43.6428 45.7901 42.3607 44.1608 46.1395 46.3717 47.677 42.8735 16.0758 18.5397 18.6222 22.2113 20.6653 20.1776 20.2414 20.2479 27.0267 31.8097 30.0567 28.2785 15.6235 17.4036 30.7427 39.6752 29.5721 48.0051 38.7663 43.0605 0.984806 0 1.48651 1.00686 46.9226 47.5389 45.9922 43.3528 42.5015 43.0547 45.5555 46.9326 34.9627 34.7261 39.9813 40.3704 18.8452 27.6552 28.6723 58.9123 45.6767 34.5435 38.7006 44.0218 17.1493 38.3256
28.8922 26.1754 26.0958 31.4045 23.3987 28.3388 38.0823 37.6663 45.7013 42.9963 37.9502 44.2669 47.3038 49.4623 17.3653 15.6152 18.5025 20.5958 19.424 20.9724 21.3927 24.0221 27.5691 28.0448 29.9121 30.2942 15.9227 17.9573 35.6069 33.9487 30.2334 53.8083 41.4449 39.587 1.0538 1.48651 0 1.02718 45.1025 46.5684 48.1792 44.4649 40.1711 42.0856 43.8548 44.2784 33.6247 33.4152 40.0327 39.8957 20.1657 29.3412 30.6069 55.5835 42.4341 32.8969 35.4898 45.1375 14.8406 42.2831
28.797 27.5999 26.7667 30.1822 23.1326 27.7398 38.7392 43.8797 39.9233 42.3663 41.031 39.4659 40.7794 41.4041 16.621 16.1523 17.0171 20.0031 19.9435 17.9609 20.9705 23.0185 24.1154 26.7579 27.7444 31.4097 14.5177 16.5321 31.6572 34.2985 30.1533 55.0174 37.0583 39.9543 1.354 1.00686 1.02718 0 43.6836 41.0164 43.5671 41.2182 38.501 38.7899 44.4661 41.3947 32.8307 35.0744 35.1835 39.113 18.0873 26.3861 29.3349 61.2034 37.7118 33.1444 37.8049 42.1391 14.2789 39.7279
24.2227 21.8541 23.9113 23.671 26.3201 25.0545 14.1274 12.8973 13.1817 13.7158 7.88559 8.37583 8.9031 8.88014 27.9494 29.6244 27.2866 23.2837 26.9972 26.2606 24.8009 23.3253 30.1971 31.3354 29.8519 26.7597 31.1339 35.2798 43.7874 47.7483 36.2498 14.978 30.0297 4.57511 49.4866 46.9226 45.1025 43.6836 0 1.06504 1.09432 1.53558 15.8145 15.6674 14.8542 17.4478 14.1603 11.7413 13.9771 12.8972 39.1209 33.4602 35.205 18.2594 11.7071 25.238 27.7072 10.7065 29.2583 38.358
21.4066 22.0544 24.507 22.687 26.1611 24.1477 14.078 13.3343 14.1002 14.7134 8.53772 8.83587 9.21427 9.18096 31.5194 28.9969 29.5472 27.3473 27.1793 27.0043 23.5657 21.6975 28.7823 31.8223 29.5916 29.6233 35.8939 30.6602 44.9338 43.5214 37.5587 12.1161 28.9761 5.99522 48.0815 47.5389 46.5684 41.0164 1.06504 0 1.2789 0.943591 15.7594 17.2315 14.435 16.3902 15.9162 13.644 13.4731 12.6196 39.1882 27.7589 38.4096 16.0574 10.9813 23.5897 27.3912 10.9383 31.1938 38.5624
24.7118 23.5215 21.1439 22.8893 26.2696 25.9065 13.6674 11.7906 12.4209 12.3246 7.86163 8.31324 8.02894 8.06423 28.3782 29.5301 27.5157 28.2541 29.1419 24.5321 26.5387 21.0672 34.4221 31.7652 31.0361 32.3098 31.2165 35.975 44.2303 45.0537 40.9999 15.797 29.2424 4.51343 46.3874 45.9922 48.1792 43.5671 1.09432 1.2789 0 1.01281 17.0671 17.4352 15.7672 15.1499 14.6591 12.5218 13.0898 13.936 41.673 32.4332 33.0115 18.9723 12.9459 24.8155 24.3487 12.5172 30.5041 39.0065
23.5213 23.8583 23.0847 22.4919 23.7066 25.5587 14.3853 14.4789 13.6286 14.3697 8.6639 9.04146 8.01662 9.11882 29.6061 30.5033 26.0937 24.1883 26.1861 24.3397 26.1626 25.8584 32.5255 32.1298 31.1725 26.4998 36.5178 30.8456 44.2458 40.8908 36.2367 13.8843 30.3499 5.54073 43.565 43.3528 44.4649 41.2182 1.53558 0.943591 1.01281 0 16.8757 16.5399 15.8634 14.5112 13.8712 13.551 15.2386 14.8828 41.8472 33.7222 37.1155 16.648 12.1558 25.7029 26.3892 10.7248 29.4136 43.4276
16.2777 15.3367 14.6098 12.8857 18.3632 16.1229 26.8654 24.8672 25.5792 26.563 21.4987 21.9323 24.8432 25.2307 29.0271 31.5552 26.319 29.1885 24.7965 23.6207 25.6419 23.2035 22.1061 19.5139 18.9349 16.1973 26.8004 26.1475 30.2079 32.3665 26.4856 12.7372 12.9801 21.3002 44.0948 42.5015 40.1711 38.501 15.8145 15.7594 17.0671 16.8757 0 1.06185 0.903769 1.3655 28.2367 23.4022 27.8489 24.2277 27.5476 21.0255 23.4724 15.7518 2.96058 32.6526 10.8534 4.3236 24.9109 29.8489
15.3472 16.7276 13.6779 15.0358 17.1479 14.7748 29.0031 28.0375 29.0028 27.3869 22.0989 21.857 25.7869 24.8859 33.0862 32.5414 29.8622 28.8218 23.123 23.7805 24.9602 25.9386 18.8666 17.9283 16.6377 17.3655 31.6509 24.403 30.0095 29.48 25.5521 10.9879 13.0295 20.0644 45.6347 43.0547 42.0856 38.7899 15.6674 17.2315 17.4352 16.5399 1.06185 0 1.49678 1.02625 28.7448 24.6622 28.7142 27.8302 27.5183 19.2807 23.7661 16.3626 3.94849 36.1434 11.1375 4.96353 26.7966 29.6984
16.3874 15.0377 14.2763 13.7606 17.947 14.5793 24.2886 28.5764 29.9051 28.9655 23.3642 20.9982 21.298 21.8682 28.1658 30.1041 27.782 27.5072 27.4047 24.7815 25.9835 22.8151 22.2545 22.0628 19.8486 18.1021 27.2528 25.1167 30.1721 29.914 24.9534 12.1824 14.277 18.8596 44.2254 45.5555 43.8548 44.4661 14.8542 14.435 15.7672 15.8634 0.903769 1.49678 0 1.0021 25.8767 26.5959 26.4879 23.576 30.4927 20.2812 23.6029 15.9854 2.6211 37.3328 11.8822 3.51205 29.4512 26.188
17.3476 14.9816 15.1039 16.4123 20.4026 16.27 28.3241 26.428 26.2875 31.2604 23.9433 25.197 23.5922 25.6309 29.5253 28.3785 27.9875 30.9705 24.4464 27.0663 26.4175 23.7996 19.7604 21.9326 17.1992 19.1375 32.0296 27.5084 30.5154 31.7302 24.9407 11.5252 12.9312 19.4256 42.4178 46.9326 44.2784 41.3947 17.4478 16.3902 15.1499 14.5112 1.3655 1.02625 1.0021 0 24.1497 27.1614 25.6497 25.0488 33.1107 19.0286 23.2859 14.572 3.47442 32.0623 11.484 4.5462 29.8988 29.3503
22.1389 24.3639 26.2726 25.0621 26.1002 29.5555 4.28861 6.01849 7.37829 7.902 6.56163 8.51368 8.67185 9.56578 18.0611 16.9469 16.3596 15.3712 20.279 18.8955 19.0144 16.7845 30.2266 34.8606 31.6099 34.0453 26.5063 30.8647 48.7157 45.3951 39.6678 29.1269 32.5501 9.90809 37.0395 34.9627 33.6247 32.8307 14.1603 15.9162 14.6591 13.8712 28.2367 28.7448 25.8767 24.1497 0 0.98553 0.987609 1.4565 34.8912 32.9429 40.3203 29.7003 23.8584 11.5645 34.2658 20.5791 24.8728 51.0711
21.3678 21.1868 21.7714 22.6362 24.7272 25.2711 3.88897 5.74466 6.67838 7.55242 5.88903 6.71652 8.54536 9.07526 20.3238 18.9146 17.2076 15.8097 19.8575 19.0769 18.7118 15.581 34.1216 32.6064 31.8803 33.5509 31.2504 31.423 41.5432 43.0662 41.0357 24.7404 32.1967 8.76911 34.3071 34.7261 33.4152 35.0744 11.7413 13.644 12.5218 13.551 23.4022 24.6622 26.5959 27.1614 0.98553 0 1.28277 0.966879 34.4512 33.4151 38.7104 30.7101 21.9101 12.5115 32.4483 21.4315 26.3172 48.8948
23.0927 25.559 25.2516 24.5313 22.8315 28.5021 3.09182 4.09733 5.53848 7.30116 6.84936 7.4495 7.86099 8.58025 21.9106 21.658 19.4946 15.9028 19.1128 20.7398 19.7013 15.8933 31.2816 37.5091 33.4038 30.8749 30.3229 32.3306 47.8132 53.1827 37.8244 26.8182 35.9492 10.1604 41.199 39.9813 40.0327 35.1835 13.9771 13.4731 13.0898 15.2386 27.8489 28.7142 26.4879 25.6497 0.987609 1.28277 0 0.97576 33.3948 31.2565 36.4945 33.4927 21.8343 10.7699 33.614 23.8878 29.085 49.7046
21.3526 24.4201 24.0009 24.6482 24.1258 26.633 3.45487 4.40296 5.57066 6.89333 5.73357 6.40694 7.52044 8.67441 22.4709 19.1364 20.3121 16.6223 21.1972 19.4743 19.5923 16.3712 30.5407 34.3441 27.5035 34.0469 30.4986 29.5784 48.5584 50.4864 35.7822 25.13 35.6105 8.956 37.2075 40.3704 39.8957 39.113 12.8972 12.6196 13.936 14.8828 24.2277 27.8302 23.576 25.0488 1.4565 0.966879 0.97576 0 33.1655 35.8936 37.6535 30.2824 23.9796 10.6876 34.6736 21.9822 26.7638 50.1641
14.4457 15.8043 17.5703 16.6802 13.7073 13.7331 39.8232 38.4108 46.107 44.5917 40.6098 38.3292 39.0009 38.4973 20.9082 21.7638 20.317 22.5108 15.0034 17.2733 20.2533 21.8396 10.2475 11.8575 12.5217 13.1488 9.09664 6.69037 15.5616 16.8523 10.0576 45.6086 20.7025 41.6053 19.5052 18.8452 20.1657 18.0873 39.1209 39.1882 41.673 41.8472 27.5476 27.5183 30.4927 33.1107 34.8912 34.4512 33.3948 33.1655 0 10.9437 13.1277 45.8551 32.61 39.9483 21.5007 32.4575 9.18285 20.9105
10.0667 8.69947 8.72461 8.25942 9.23299 6.55665 37.0318 40.0772 35.8654 36.8014 34.5644 34.8031 36.8627 38.8561 20.8201 24.7996 22.7716 26.7586 18.2746 16.8834 20.125 18.4634 1.45162 1.04655 2.60816 2.32954 15.4079 11.6428 12.6467 15.3779 6.00013 31.1257 9.56114 30.7509 31.6852 27.6552 29.3412 26.3861 33.4602 27.7589 32.4332 33.7222 21.0255 19.2807 20.2812 19.0286 32.9429 33.4151 31.2565 35.8936 10.9437 0 5.41359 35.3947 22.1695 34.0693 9.47133 19.986 13.0431 14.8496
15.226 13.2836 14.1234 13.8143 16.0435 11.6879 39.4049 44.0127 46.1923 47.2632 39.0037 41.5746 39.9964 39.6022 28.6428 30.1479 28.8575 28.1942 24.9521 26.0798 25.0933 26.0918 6.55695 4.82895 7.57529 6.8614 17.1001 16.2413 8.6167 9.46674 2.98223 31.4312 11.3494 39.0239 34.2687 28.6723 30.6069 29.3349 35.205 38.4096 33.0115 37.1155 23.4724 23.7661 23.6029 23.2859 40.3203 38.7104 36.4945 37.6535 13.1277 5.41359 0 35.2266 23.7173 43.9355 10.9022 23.0636 18.483 8.4531
33.9282 28.7845 31.5338 29.8272 33.4723 29.8693 32.1134 31.105 29.1327 33.6987 25.5469 25.7728 27.0309 24.6246 46.1763 44.0304 42.6645 41.57 39.1392 36.0113 35.8586 36.4684 39.8256 38.0961 37.8085 34.3034 47.763 42.9511 44.2119 45.3904 38.225 4.73456 25.942 23.9726 55.1833 58.9123 55.5835 61.2034 18.2594 16.0574 18.9723 16.648 15.7518 16.3626 15.9854 14.572 29.7003 30.7101 33.4927 30.2824 45.8551 35.3947 35.2266 0 15.4092 42.4886 27.3101 16.6381 44.0734 39.6002
16.1694 15.5516 14.0032 13.6293 19.5955 16.9003 23.3387 22.8238 26.9988 25.7917 17.6667 18.2689 22.5785 19.4782 29.7357 29.1592 25.9688 25.1304 23.6802 21.2061 24.6516 20.1434 20.2259 22.9488 17.7121 19.1767 27.1733 26.3894 35.0553 29.6934 26.9194 9.96266 16.7813 18.639 46.0985 45.6767 42.4341 37.7118 11.7071 10.9813 12.9459 12.1558 2.96058 3.94849 2.6211 3.47442 23.8584 21.9101 21.8343 23.9796 32.61 22.1695 23.7173 15.4092 0 30.113 14.8216 1.26673 24.9122 30.6081
25.304 27.1592 30.4494 30.8034 25.1201 29.9487 13.3659 13.2456 14.994 17.4305 18.8029 16.7948 17.3994 20.0991 15.3519 14.3278 13.6811 12.5897 21.2672 18.896 18.6627 18.5115 35.0278 35.1865 32.3887 32.7939 27.9125 31.9461 51.7904 55.7566 38.7307 41.0395 42.4869 21.8569 33.8832 34.5435 32.8969 33.1444 25.238 23.5897 24.8155 25.7029 32.6526 36.1434 37.3328 32.0623 11.5645 12.5115 10.7699 10.6876 39.9483 34.0693 43.9355 42.4886 30.113 0 38.673 30.5047 26.6843 49.9884
12.9151 11.4503 9.84066 9.32599 14.0406 9.45816 33.4229 33.45 34.1228 36.7171 32.8927 30.6299 29.3873 31.1818 26.503 31.2931 29.7981 26.1268 21.1133 23.8958 22.9451 24.6228 10.8686 9.58164 10.7054 8.20867 22.8575 21.5964 19.0772 20.6746 14.4777 24.0387 1.77188 30.1057 37.8691 38.7006 35.4898 37.8049 27.7072 27.3912 24.3487 26.3892 10.8534 11.1375 11.8822 11.484 34.2658 32.4483 33.614 34.6736 21.5007 9.47133 10.9022 27.3101 14.8216 38.673 0 15.9291 24.3743 17.063
16.5692 16.8052 15.951 15.6761 19.3708 17.8434 24.778 23.4376 23.1848 26.3465 16.2227 17.2406 17.5879 18.6872 30.2276 26.2674 28.6462 25.1163 23.0936 24.222 21.9741 21.723 20.5471 22.9393 18.0822 20.904 27.9474 28.606 33.6409 35.4308 27.592 10.3399 15.0533 16.1885 44.5488 44.0218 45.1375 42.1391 10.7065 10.9383 12.5172 10.7248 4.3236 4.96353 3.51205 4.5462 20.5791 21.4315 23.8878 21.9822 32.4575 19.986 23.0636 16.6381 1.26673 30.5047 15.9291 0 28.7592 33.2222
12.6124 12.0846 13.4178 12.054 8.58237 14.7087 32.4334 34.604 31.9778 34.9748 32.7786 30.1517 32.6565 34.454 9.29075 10.2838 11.3981 12.253 7.42159 8.61258 8.7073 9.96122 11.829 16.705 13.4978 15.3162 1.84412 2.93518 24.3103 26.9366 17.0681 39.4207 23.9278 30.7191 17.2849 17.1493 14.8406 14.2789 29.2583 31.1938 30.5041 29.4136 24.9109 26.7966 29.4512 29.8988 24.8728 26.3172 29.085 26.7638 9.18285 13.0431 18.483 44.0734 24.9122 26.6843 24.3743 28.7592 0 28.0772
25.5522 24.3816 24.5835 21.786 23.2736 19.3787 53.7836 46.5462 48.9897 48.607 45.7672 45.6633 51.5111 47.1979 34.8807 39.0881 34.7512 36.9872 29.2825 31.3216 31.0477 32.4667 16.7998 13.6038 15.4453 15.2675 28.0129 24.4014 6.44564 5.04687 11.6047 37.0255 14.0454 49.2401 42.1558 38.3256 42.2831 39.7279 38.358 38.5624 39.0065 43.4276 29.8489 29.6984 26.188 29.3503 51.0711 48.8948 49.7046 50.1641 20.9105 14.8496 8.4531 39.6002 30.6081 49.9884 17.063 33.2222 28.0772 0
