7
16
0 2.47897 19.8315 21.4069 22.4088 24.5942 22.5693 26.575 23.4277 27.5614 9.90084 11.1968 11.2882 12.4901 8.13561 11.6059
2.47897 0 17.921 20.4514 19.2735 20.8764 23.5797 25.0822 24.3402 27.0215 8.18846 8.79863 8.28366 8.49005 5.22098 10.0041
19.8315 17.921 0 1.37177 2.50621 4.11683 5.49395 5.70355 5.91852 6.66079 10.5871 9.72161 10.2134 8.2073 12.4819 10.4806
21.4069 20.4514 1.37177 0 1.27303 2.42133 5.10728 5.89324 5.92881 5.4313 12.0007 10.8148 9.7997 10.2594 14.8747 10.6236
22.4088 19.2735 2.50621 1.27303 0 1.26393 5.96627 6.00556 5.04993 5.70517 12.432 10.6485 11.3584 11.4798 15.6764 11.7411
24.5942 20.8764 4.11683 2.42133 1.26393 0 6.71663 5.64126 5.51385 5.65026 12.9419 12.427 13.2986 12.8702 14.5082 12.8824
22.5693 23.5797 5.49395 5.10728 5.96627 6.71663 0 1.20346 2.38011 3.56796 14.5379 14.2916 12.711 12.2394 18.1025 11.8635
26.575 25.0822 5.70355 5.89324 6.00556 5.64126 1.20346 0 1.14529 2.4052 15.2255 13.6622 14.6525 12.5654 18.0672 13.8199
23.4277 24.3402 5.91852 5.92881 5.04993 5.51385 2.38011 1.14529 0 1.15446 14.6585 14.6544 15.5702 14.4845 17.4461 13.7803
27.5614 27.0215 6.66079 5.4313 5.70517 5.65026 3.56796 2.4052 1.15446 0 15.3757 15.1374 14.5418 15.9256 18.6229 14.5961
9.90084 8.18846 10.5871 12.0007 12.432 12.9419 14.5379 15.2255 14.6585 15.3757 0 0.660576 1.35946 2.13944 2.70196 4.24339
11.1968 8.79863 9.72161 10.8148 10.6485 12.427 14.2916 13.6622 14.6544 15.1374 0.660576 0 0.693617 1.33594 3.02383 3.50914
11.2882 8.28366 10.2134 9.7997 11.3584 13.2986 12.711 14.6525 15.5702 14.5418 1.35946 0.693617 0 0.63833 3.73915 2.99494
12.4901 8.49005 8.2073 10.2594 11.4798 12.8702 12.2394 12.5654 14.4845 15.9256 2.13944 1.33594 0.63833 0 4.29216 2.7235
8.13561 5.22098 12.4819 14.8747 15.6764 14.5082 18.1025 18.0672 17.4461 18.6229 2.70196 3.02383 3.73915 4.29216 0 4.55476
11.6059 10.0041 10.4806 10.6236 11.7411 12.8824 11.8635 13.8199 13.7803 14.5961 4.24339 3.50914 2.99494 2.7235 4.55476 0
