10
30
30
0 0.649308 1.29663 1.86286 2.60898 3.86106 19.9797 15.8483 15.6973 14.65 15.5879 14.8346 14.7012 12.2205 4.28315 5.96503 7.98097 9.37985 6.69715 7.58943 9.54484 8.63968 7.81074 6.99674 15.6624 18.0597 15.7202 24.1458 18.0643 31.8331
0.649308 0 0.678612 1.25278 3.17903 3.66959 19.0004 19.1453 17.8715 14.2139 16.7255 16.3674 15.2877 12.3551 4.41841 5.29818 7.49425 8.68911 6.89585 8.31062 10.2082 9.07187 7.94146 8.45399 15.7068 20.9108 17.3232 25.6388 19.2878 28.4593
1.29663 0.678612 0 0.640343 3.50946 2.95057 20.0777 19.529 16.4514 17.5294 16.0325 14.7216 14.4038 12.5182 4.44437 4.86717 8.36765 8.76475 7.35662 6.67382 9.54282 9.13566 8.37876 9.25515 16.1872 18.9386 16.4298 28.4374 21.2026 33.9014
1.86286 1.25278 0.640343 0 4.18546 2.30446 18.5509 18.041 17.3602 16.331 18.9436 17.5279 16.2867 12.8433 4.84561 4.97256 6.75681 7.66792 6.14149 6.46343 10.482 8.85897 9.27469 9.21501 16.6076 22.2218 15.5618 26.5516 20.7858 31.2774
2.60898 3.17903 3.50946 4.18546 0 5.04476 16.4716 13.7222 13.8901 13.5106 15.322 13.3049 11.1358 11.5922 3.45706 5.14014 8.24407 8.88363 6.40406 8.34694 6.82379 5.27776 5.39534 5.12152 13.9363 18.9663 12.1926 23.9348 18.4601 29.0648
3.86106 3.66959 2.95057 2.30446 5.04476 0 17.1555 17.3311 15.8207 15.6394 16.2325 13.8238 14.3262 13.796 4.07285 2.80794 4.99034 5.0208 3.77269 4.05998 10.6291 9.89393 10.835 10.0392 19.1554 21.9218 17.6389 24.6017 24.3556 32.0089
19.9797 19.0004 20.0777 18.5509 16.4716 17.1555 0 1.246 2.4644 3.43259 5.34112 5.7885 5.67766 6.36114 15.0251 15.1511 14.5318 17.1106 17.6551 17.7339 11.4097 11.7289 12.4077 12.3913 15.797 23.7753 3.12646 8.11273 17.8788 14.7122
15.8483 19.1453 19.529 18.041 13.7222 17.3311 1.246 0 1.39124 2.48293 4.99526 5.43693 5.70075 5.51061 14.3661 15.4665 15.608 15.2497 15.0984 16.4712 10.1518 9.06927 10.3086 10.8695 15.3725 21.3065 2.02947 8.73931 16.9953 14.1151
15.6973 17.8715 16.4514 17.3602 13.8901 15.8207 2.4644 1.39124 0 1.25447 5.74624 5.68974 5.13019 6.06498 13.5674 16.1636 15.9447 16.6627 16.1797 16.9397 8.29002 9.06588 9.61398 9.18316 15.485 20.9884 1.1334 10.6983 16.2859 15.9484
14.65 14.2139 17.5294 16.331 13.5106 15.6394 3.43259 2.48293 1.25447 0 6.4153 5.99681 5.0958 5.64138 11.4439 14.9548 14.76 14.5134 14.1905 15.1624 6.78852 6.833 8.35619 8.49419 15.1714 19.946 1.41433 10.6165 14.9006 14.9902
15.5879 16.7255 16.0325 18.9436 15.322 16.2325 5.34112 4.99526 5.74624 6.4153 0 1.25644 2.37706 4.13945 11.349 14.5396 11.9588 13.7791 12.1974 13.5576 10.0925 9.49762 12.8905 11.189 21.4707 25.9802 4.71316 11.4678 22.929 17.52
14.8346 16.3674 14.7216 17.5279 13.3049 13.8238 5.7885 5.43693 5.68974 5.99681 1.25644 0 1.15561 2.29027 11.7029 12.711 11.411 12.1445 11.848 12.5034 10.1533 9.10204 11.406 10.1659 19.1564 22.1837 4.1993 11.5595 19.4987 19.1521
14.7012 15.2877 14.4038 16.2867 11.1358 14.3262 5.67766 5.70075 5.13019 5.0958 2.37706 1.15561 0 1.3226 11.0298 10.3715 10.62 11.2606 11.8113 11.7518 9.12446 8.24404 10.0818 8.29369 18.0174 21.1836 4.71878 12.6815 20.1685 19.9386
12.2205 12.3551 12.5182 12.8433 11.5922 13.796 6.36114 5.51061 6.06498 5.64138 4.13945 2.29027 1.3226 0 8.37909 9.71189 9.14069 9.40554 9.43988 11.6502 6.56939 7.10907 8.27746 7.46927 18.542 21.8261 4.18266 13.8785 21.2315 18.8452
4.28315 4.41841 4.44437 4.84561 3.45706 4.07285 15.0251 14.3661 13.5674 11.4439 11.349 11.7029 11.0298 8.37909 0 2.70946 4.78979 5.6431 3.67299 5.08559 6.42135 6.56575 6.3698 5.79567 16.3811 20.4842 12.4754 21.9275 21.8728 30.61
5.96503 5.29818 4.86717 4.97256 5.14014 2.80794 15.1511 15.4665 16.1636 14.9548 14.5396 12.711 10.3715 9.71189 2.70946 0 2.92627 3.1737 1.75375 2.8741 10.1407 8.99396 9.83777 8.9171 17.7551 21.6132 12.7878 23.8809 22.7519 29.6876
7.98097 7.49425 8.36765 6.75681 8.24407 4.99034 14.5318 15.608 15.9447 14.76 11.9588 11.411 10.62 9.14069 4.78979 2.92627 0 0.986039 0.957535 1.27467 10.3508 9.67326 11.2137 10.5275 21.0087 23.5288 13.6727 21.6579 22.5585 29.885
9.37985 8.68911 8.76475 7.66792 8.88363 5.0208 17.1106 15.2497 16.6627 14.5134 13.7791 12.1445 11.2606 9.40554 5.6431 3.1737 0.986039 0 1.40756 0.952923 12.2224 10.6681 12.1442 10.6386 19.4174 27.4185 15.3375 21.9181 24.0516 29.978
6.69715 6.89585 7.35662 6.14149 6.40406 3.77269 17.6551 15.0984 16.1797 14.1905 12.1974 11.848 11.8113 9.43988 3.67299 1.75375 0.957535 1.40756 0 1.06439 10.836 8.84112 11.2426 9.2016 21.2157 24.7784 13.0841 23.8309 24.6009 30.8592
7.58943 8.31062 6.67382 6.46343 8.34694 4.05998 17.7339 16.4712 16.9397 15.1624 13.5576 12.5034 11.7518 11.6502 5.08559 2.8741 1.27467 0.952923 1.06439 0 11.5701 11.0029 10.8701 10.1956 21.9541 25.1832 15.8348 23.605 25.377 30.726
9.54484 10.2082 9.54282 10.482 6.82379 10.6291 11.4097 10.1518 8.29002 6.78852 10.0925 10.1533 9.12446 6.56939 6.42135 10.1407 10.3508 12.2224 10.836 11.5701 0 1.06861 0.997567 1.366 10.9482 14.4952 7.71203 17.1926 12.9214 22.2844
8.63968 9.07187 9.13566 8.85897 5.27776 9.89393 11.7289 9.06927 9.06588 6.833 9.49762 9.10204 8.24404 7.10907 6.56575 8.99396 9.67326 10.6681 8.84112 11.0029 1.06861 0 1.44594 0.947771 12.1274 17.0927 7.52141 17.2279 13.6286 24.8905
7.81074 7.94146 8.37876 9.27469 5.39534 10.835 12.4077 10.3086 9.61398 8.35619 12.8905 11.406 10.0818 8.27746 6.3698 9.83777 11.2137 12.1442 11.2426 10.8701 0.997567 1.44594 0 0.960856 11.0383 14.112 7.81958 18.9178 14.6388 23.3585
6.99674 8.45399 9.25515 9.21501 5.12152 10.0392 12.3913 10.8695 9.18316 8.49419 11.189 10.1659 8.29369 7.46927 5.79567 8.9171 10.5275 10.6386 9.2016 10.1956 1.366 0.947771 0.960856 0 11.7171 14.7315 7.96211 19.8605 15.9415 24.1509
15.6624 15.7068 16.1872 16.6076 13.9363 19.1554 15.797 15.3725 15.485 15.1714 21.4707 19.1564 18.0174 18.542 16.3811 17.7551 21.0087 19.4174 21.2157 21.9541 10.9482 12.1274 11.0383 11.7171 0 4.77731 15.3134 24.7605 4.36936 23.3931
18.0597 20.9108 18.9386 22.2218 18.9663 21.9218 23.7753 21.3065 20.9884 19.946 25.9802 22.1837 21.1836 21.8261 20.4842 21.6132 23.5288 27.4185 24.7784 25.1832 14.4952 17.0927 14.112 14.7315 4.77731 0 21.7332 24.8725 4.36488 23.5558
15.7202 17.3232 16.4298 15.5618 12.1926 17.6389 3.12646 2.02947 1.1334 1.41433 4.71316 4.1993 4.71878 4.18266 12.4754 12.7878 13.6727 15.3375 13.0841 15.8348 7.71203 7.52141 7.81958 7.96211 15.3134 21.7332 0 11.7921 15.8532 16.0227
24.1458 25.6388 28.4374 26.5516 23.9348 24.6017 8.11273 8.73931 10.6983 10.6165 11.4678 11.5595 12.6815 13.8785 21.9275 23.8809 21.6579 21.9181 23.8309 23.605 17.1926 17.2279 18.9178 19.8605 24.7605 24.8725 11.7921 0 22.6548 8.78688
18.0643 19.2878 21.2026 20.7858 18.4601 24.3556 17.8788 16.9953 16.2859 14.9006 22.929 19.4987 20.1685 21.2315 21.8728 22.7519 22.5585 24.0516 24.6009 25.377 12.9214 13.6286 14.6388 15.9415 4.36936 4.36488 15.8532 22.6548 0 21.3004
31.8331 28.4593 33.9014 31.2774 29.0648 32.0089 14.7122 14.1151 15.9484 14.9902 17.52 19.1521 19.9386 18.8452 30.61 29.6876 29.885 29.978 30.8592 30.726 22.2844 24.8905 23.3585 24.1509 23.3931 23.5558 16.0227 8.78688 21.3004 0
