4
16
0 2.55513 19.7989 22.1123 20.0101 24.2876 25.4208 24.2831 25.8128 24.8373 10.0106 9.93296 11.6052 11.0797 7.24851 13.3737
2.55513 0 18.904 17.0375 20.0463 21.8061 23.844 21.9655 23.9418 26.161 7.63037 8.52222 9.29695 8.92866 5.76416 9.6576
19.7989 18.904 0 1.25675 2.53855 4.02346 5.83541 5.90459 5.42465 6.01705 10.5812 9.86684 9.84301 8.55235 12.9827 10.2586
22.1123 17.0375 1.25675 0 1.34424 2.64534 5.92933 5.09345 5.51099 5.66048 11.1796 10.5736 10.617 9.03407 13.4278 11.1372
20.0101 20.0463 2.53855 1.34424 0 1.35462 5.70279 5.63361 5.63716 5.55591 12.3255 12.2329 11.2553 11.652 14.1255 10.9515
24.2876 21.8061 4.02346 2.64534 1.35462 0 6.17509 6.05622 5.49735 5.76012 14.3858 13.1459 11.9963 12.3657 16.1221 14.1957
25.4208 23.844 5.83541 5.92933 5.70279 6.17509 0 1.25969 2.44766 4.071 13.8044 15.0105 13.7742 13.83 18.6782 12.6967
24.2831 21.9655 5.90459 5.09345 5.63361 6.05622 1.25969 0 1.39383 2.59303 14.7339 15.4268 13.9856 14.712 19.0784 13.9457
25.8128 23.9418 5.42465 5.51099 5.63716 5.49735 2.44766 1.39383 0 1.1705 16.5612 15.1415 16.3719 15.932 18.2813 15.021
24.8373 26.161 6.01705 5.66048 5.55591 5.76012 4.071 2.59303 1.1705 0 16.7934 15.0082 16.2031 16.3163 19.2645 15.1597
10.0106 7.63037 10.5812 11.1796 12.3255 14.3858 13.8044 14.7339 16.5612 16.7934 0 0.633982 1.37542 1.86268 2.32669 4.35129
9.93296 8.52222 9.86684 10.5736 12.2329 13.1459 15.0105 15.4268 15.1415 15.0082 0.633982 0 0.591063 1.31595 3.15059 3.76786
11.6052 9.29695 9.84301 10.617 11.2553 11.9963 13.7742 13.9856 16.3719 16.2031 1.37542 0.591063 0 0.679153 3.23003 2.94411
11.0797 8.92866 8.55235 9.03407 11.652 12.3657 13.83 14.712 15.932 16.3163 1.86268 1.31595 0.679153 0 3.93687 2.40305
7.24851 5.76416 12.9827 13.4278 14.1255 16.1221 18.6782 19.0784 18.2813 19.2645 2.32669 3.15059 3.23003 3.93687 0 4.99759
13.3737 9.6576 10.2586 11.1372 10.9515 14.1957 12.6967 13.9457 15.021 15.1597 4.35129 3.76786 2.94411 2.40305 4.99759 0
