1
16
0 2.58736 19.0595 20.3991 20.0339 21.9861 23.9832 27.5529 23.8811 28.991 9.13704 9.88536 11.3307 12.3341 6.99686 11.8864
2.58736 0 16.2613 17.7615 20.0865 20.9391 24.1206 22.4735 26.0755 24.7354 7.91614 8.24362 8.73583 8.8335 5.29127 9.62041
19.0595 16.2613 0 1.3152 2.50116 3.45897 5.7579 5.93 6.34277 6.10139 10.1504 10.3258 8.81917 9.12805 13.4174 10.752
20.3991 17.7615 1.3152 0 1.34953 2.28754 5.70632 5.46316 5.61229 5.82539 10.7682 10.5716 10.3268 9.29686 13.9013 11.1693
20.0339 20.0865 2.50116 1.34953 0 1.21226 5.47627 5.80732 5.39385 5.52127 11.2232 11.9469 10.2724 11.4005 13.5281 12.507
21.9861 20.9391 3.45897 2.28754 1.21226 0 6.92303 6.40627 5.1432 5.56034 13.2025 13.0212 12.4621 12.2396 15.5967 12.3618
23.9832 24.1206 5.7579 5.70632 5.47627 6.92303 0 1.24786 2.49892 3.43758 14.3884 13.2404 14.8471 12.9808 15.8103 14.0596
27.5529 22.4735 5.93 5.46316 5.80732 6.40627 1.24786 0 1.29199 2.49481 16.9254 13.763 15.7191 12.6716 18.8881 14.3869
23.8811 26.0755 6.34277 5.61229 5.39385 5.1432 2.49892 1.29199 0 1.32695 16.6119 15.7113 13.6573 13.469 20.2385 13.4627
28.991 24.7354 6.10139 5.82539 5.52127 5.56034 3.43758 2.49481 1.32695 0 17.101 15.1878 14.3538 14.6726 18.8708 15.4696
9.13704 7.91614 10.1504 10.7682 11.2232 13.2025 14.3884 16.9254 16.6119 17.101 0 0.607678 1.32188 1.76838 2.42245 4.13156
9.88536 8.24362 10.3258 10.5716 11.9469 13.0212 13.2404 13.763 15.7113 15.1878 0.607678 0 0.684653 1.38918 2.76419 3.28917
11.3307 8.73583 8.81917 10.3268 10.2724 12.4621 14.8471 15.7191 13.6573 14.3538 1.32188 0.684653 0 0.707177 3.17294 2.76492
12.3341 8.8335 9.12805 9.29686 11.4005 12.2396 12.9808 12.6716 13.469 14.6726 1.76838 1.38918 0.707177 0 4.36527 2.28475
6.99686 5.29127 13.4174 13.9013 13.5281 15.5967 15.8103 18.8881 20.2385 18.8708 2.42245 2.76419 3.17294 4.36527 0 5.03226
11.8864 9.62041 10.752 11.1693 12.507 12.3618 14.0596 14.3869 13.4627 15.4696 4.13156 3.28917 2.76492 2.28475 5.03226 0
