1
30
30
0 0.600241 1.30408 1.84028 2.46563 4.22177 20.0224 18.6261 17.5472 15.7934 18.1391 15.38 14.2552 12.0094 4.78908 5.93019 8.77173 9.17267 6.69835 8.66699 8.79695 7.82926 8.43248 7.86754 16.5718 21.2621 15.6513 25.4289 18.2075 32.5683
0.600241 0 0.682147 1.42474 3.11859 3.37742 20.8593 19.352 18.3284 15.957 16.633 16.5339 15.6947 12.764 4.63035 5.38087 7.22251 8.24405 7.66279 8.29143 8.93606 9.50312 9.15841 7.32725 15.3927 19.6618 17.413 27.7499 21.9256 29.7937
1.30408 0.682147 0 0.590506 3.44162 2.78468 18.0383 17.9567 17.4268 17.3002 15.5301 16.126 15.6331 14.2893 4.45478 4.80269 8.14118 8.54908 6.22559 7.95503 10.169 9.22048 8.42426 8.22356 15.5423 21.2742 16.1569 26.2263 19.1047 31.7285
1.84028 1.42474 0.590506 0 4.22052 2.68444 20.6525 17.9974 15.9979 17.8606 17.8153 16.8701 14.3749 13.6141 4.61024 4.87657 7.30975 7.58581 6.36183 7.49243 9.88117 10.465 9.36963 9.6305 17.948 20.9918 17.3553 27.6589 22.3022 34.3215
2.46563 3.11859 3.44162 4.22052 0 4.94579 17.5203 14.3307 12.8509 11.974 13.5516 13.4811 12.8742 11.1187 3.15359 5.67573 7.91567 8.54061 6.95029 7.38721 7.00499 5.21079 5.4033 4.93765 14.0502 18.1212 12.5524 25.1011 16.3699 30.0082
4.22177 3.37742 2.78468 2.68444 4.94579 0 19.1972 17.8768 17.0823 16.976 15.5234 14.4084 13.2417 12.3197 4.25342 2.52774 4.75891 5.7221 4.0429 4.63637 10.307 10.0358 10.3134 10.0771 17.0088 21.207 15.5426 28.9096 22.3549 31.4204
20.0224 20.8593 18.0383 20.6525 17.5203 19.1972 0 1.38224 2.45377 3.8216 5.73104 6.04054 5.93252 6.74402 13.813 17.9652 16.7048 17.965 15.9825 18.4563 11.1361 9.89479 11.3619 11.2094 17.291 22.2217 3.04465 7.88832 17.3764 12.7462
18.6261 19.352 17.9567 17.9974 14.3307 17.8768 1.38224 0 1.16031 2.37589 6.06074 5.33299 5.58844 5.51583 14.513 15.6979 14.0356 17.1955 15.615 16.2509 10.2475 8.85748 10.0587 10.1023 17.0175 21.9903 1.98375 9.98117 18.2088 14.6503
17.5472 18.3284 17.4268 15.9979 12.8509 17.0823 2.45377 1.16031 0 1.23802 6.11563 5.53077 5.52475 5.97974 12.6192 16.4099 15.8478 16.8138 16.3333 15.999 8.3224 7.86013 8.90201 10.1964 13.8291 17.9413 1.08177 10.7769 17.1579 16.3347
15.7934 15.957 17.3002 17.8606 11.974 16.976 3.8216 2.37589 1.23802 0 6.50557 6.48205 5.3996 5.74187 12.4727 15.455 13.7916 13.9548 13.5936 14.8135 6.50975 6.76173 7.51941 8.90808 12.8925 18.9971 1.35516 10.7515 15.3 17.4487
18.1391 16.633 15.5301 17.8153 13.5516 15.5234 5.73104 6.06074 6.11563 6.50557 0 1.26875 2.71943 3.94276 12.4982 13.1211 12.9708 13.0087 11.8666 13.2248 11.4003 11.4786 12.334 10.7999 19.6257 25.721 5.14434 11.8449 21.9748 17.0984
15.38 16.5339 16.126 16.8701 13.4811 14.4084 6.04054 5.33299 5.53077 6.48205 1.26875 0 1.17664 2.77258 11.3796 12.2343 10.9201 12.0851 12.9556 12.3821 9.21915 9.40774 10.976 9.7698 19.7463 22.3732 4.33204 11.3124 23.0089 20.4115
14.2552 15.6947 15.6331 14.3749 12.8742 13.2417 5.93252 5.58844 5.52475 5.3996 2.71943 1.17664 0 1.26141 10.347 11.0664 9.51557 11.9319 10.636 10.8199 7.74086 8.4751 8.61047 8.15018 18.8576 21.7629 4.23892 13.2665 19.3427 21.3342
12.0094 12.764 14.2893 13.6141 11.1187 12.3197 6.74402 5.51583 5.97974 5.74187 3.94276 2.77258 1.26141 0 9.5314 11.1405 9.55783 9.47151 10.2605 10.0907 7.66643 6.94424 7.64069 7.93995 18.1898 21.9965 4.23275 13.5873 20.7034 22.0044
4.78908 4.63035 4.45478 4.61024 3.15359 4.25342 13.813 14.513 12.6192 12.4727 12.4982 11.3796 10.347 9.5314 0 2.6917 4.47737 5.61132 4.04267 5.14683 7.39609 5.80142 6.38254 6.06596 14.8082 19.3003 12.8761 23.8248 21.7629 26.3293
5.93019 5.38087 4.80269 4.87657 5.67573 2.52774 17.9652 15.6979 16.4099 15.455 13.1211 12.2343 11.0664 11.1405 2.6917 0 2.71717 3.35736 1.8066 2.48776 9.5479 8.93808 10.0543 8.58921 19.1277 25.4404 12.6763 22.9729 21.5312 32.9516
8.77173 7.22251 8.14118 7.30975 7.91567 4.75891 16.7048 14.0356 15.8478 13.7916 12.9708 10.9201 9.51557 9.55783 4.47737 2.71717 0 1.06416 0.910664 1.42998 9.61343 9.67458 10.0963 10.0165 20.252 26.1881 14.6684 25.5183 24.8047 27.2711
9.17267 8.24405 8.54908 7.58581 8.54061 5.7221 17.965 17.1955 16.8138 13.9548 13.0087 12.0851 11.9319 9.47151 5.61132 3.35736 1.06416 0 1.3614 1.07901 11.8737 10.1093 12.5661 11.6929 19.8144 24.4287 13.7797 26.0592 24.2665 27.4688
6.69835 7.66279 6.22559 6.36183 6.95029 4.0429 15.9825 15.615 16.3333 13.5936 11.8666 12.9556 10.636 10.2605 4.04267 1.8066 0.910664 1.3614 0 1.01264 10.1767 9.77271 10.7087 9.81461 20.3656 26.905 13.0265 23.7055 24.2051 28.7963
8.66699 8.29143 7.95503 7.49243 7.38721 4.63637 18.4563 16.2509 15.999 14.8135 13.2248 12.3821 10.8199 10.0907 5.14683 2.48776 1.42998 1.07901 1.01264 0 11.3401 11.4466 11.4016 9.7234 23.0214 25.0775 15.4923 25.0124 25.5914 28.7992
8.79695 8.93606 10.169 9.88117 7.00499 10.307 11.1361 10.2475 8.3224 6.50975 11.4003 9.21915 7.74086 7.66643 7.39609 9.5479 9.61343 11.8737 10.1767 11.3401 0 1.07582 1.01267 1.40778 9.5646 17.1531 7.07158 16.8461 14.2921 21.3644
7.82926 9.50312 9.22048 10.465 5.21079 10.0358 9.89479 8.85748 7.86013 6.76173 11.4786 9.40774 8.4751 6.94424 5.80142 8.93808 9.67458 10.1093 9.77271 11.4466 1.07582 0 1.40172 0.997851 12.3003 16.5413 7.48188 19.4485 16.2258 25.0631
8.43248 9.15841 8.42426 9.36963 5.4033 10.3134 11.3619 10.0587 8.90201 7.51941 12.334 10.976 8.61047 7.64069 6.38254 10.0543 10.0963 12.5661 10.7087 11.4016 1.01267 1.40172 0 0.903686 9.17283 16.3487 7.72278 20.4567 14.1823 23.6155
7.86754 7.32725 8.22356 9.6305 4.93765 10.0771 11.2094 10.1023 10.1964 8.90808 10.7999 9.7698 8.15018 7.93995 6.06596 8.58921 10.0165 11.6929 9.81461 9.7234 1.40778 0.997851 0.903686 0 10.1022 16.1759 9.48154 19.8772 15.1687 25.6294
16.5718 15.3927 15.5423 17.948 14.0502 17.0088 17.291 17.0175 13.8291 12.8925 19.6257 19.7463 18.8576 18.1898 14.8082 19.1277 20.252 19.8144 20.3656 23.0214 9.5646 12.3003 9.17283 10.1022 0 5.49418 13.7626 22.0981 4.04464 22.0733
21.2621 19.6618 21.2742 20.9918 18.1212 21.207 22.2217 21.9903 17.9413 18.9971 25.721 22.3732 21.7629 21.9965 19.3003 25.4404 26.1881 24.4287 26.905 25.0775 17.1531 16.5413 16.3487 16.1759 5.49418 0 20.838 25.4836 4.35671 24.8138
15.6513 17.413 16.1569 17.3553 12.5524 15.5426 3.04465 1.98375 1.08177 1.35516 5.14434 4.33204 4.23892 4.23275 12.8761 12.6763 14.6684 13.7797 13.0265 15.4923 7.07158 7.48188 7.72278 9.48154 13.7626 20.838 0 11.1358 16.6372 14.8349
25.4289 27.7499 26.2263 27.6589 25.1011 28.9096 7.88832 9.98117 10.7769 10.7515 11.8449 11.3124 13.2665 13.5873 23.8248 22.9729 25.5183 26.0592 23.7055 25.0124 16.8461 19.4485 20.4567 19.8772 22.0981 25.4836 11.1358 0 22.6783 9.03022
18.2075 21.9256 19.1047 22.3022 16.3699 22.3549 17.3764 18.2088 17.1579 15.3 21.9748 23.0089 19.3427 20.7034 21.7629 21.5312 24.8047 24.2665 24.2051 25.5914 14.2921 16.2258 14.1823 15.1687 4.04464 4.35671 16.6372 22.6783 0 22.6748
32.5683 29.7937 31.7285 34.3215 30.0082 31.4204 12.7462 14.6503 16.3347 17.4487 17.0984 20.4115 21.3342 22.0044 26.3293 32.9516 27.2711 27.4688 28.7963 28.7992 21.3644 25.0631 23.6155 25.6294 22.0733 24.8138 14.8349 9.03022 22.6748 0
