3
50
60
0 0.663056 1.36568 1.84761 2.63618 3.71656 25.4788 27.3602 27.7054 28.2721 23.2145 25.6695 25.0518 28.3146 15.885 16.8925 16.4033 16.2525 11.9244 10.2378 10.4209 11.8168 9.06595 10.8747 6.14984 8.47658 13.5637 10.7824 21.2521 23.6052 15.7495 28.3944 14.7786 21.6698 30.4836 25.0009 27.554 25.175 20.6031 24.2938 21.7009 24.4933 15.8521 16.5257 15.0958 15.0089 21.9296 23.6769 25.4524 25.0542 14.9521 10.2403 13.7822 30.6741 15.4284 27.9554 11.3848 14.3616 11.9394 22.8474
0.663056 0 0.668158 1.29983 3.14597 3.672 27.7135 26.2309 26.5511 31.2892 22.6505 27.1182 26.2271 25.8932 16.3943 15.6758 17.0908 17.1291 10.8763 11.4361 12.2637 12.6259 9.51345 9.2091 6.14474 7.75253 14.1545 11.6375 24.1434 25.1861 14.2668 27.4266 14.1159 24.582 30.0841 26.6686 29.7802 27.4805 23.1313 21.5717 25.5033 24.9099 13.9139 16.977 15.0681 15.4445 21.7693 24.2743 23.6876 24.2393 14.9255 9.67431 13.7588 33.7597 13.7085 26.7576 12.2969 14.0347 11.2103 21.0062
1.36568 0.668158 0 0.6285 3.56415 2.81928 26.2759 27.7887 27.6773 32.6113 22.7542 25.1876 27.6813 29.3108 18.8792 16.9605 16.0932 16.8464 11.8995 11.8751 12.8084 13.3555 7.80089 9.1207 6.24301 7.14195 12.6041 12.0413 22.8937 22.4674 14.3777 26.0027 11.0671 23.5143 28.4199 29.0952 29.4604 29.8275 22.0458 23.9229 22.4699 23.0328 13.6427 15.3201 13.6767 15.0906 24.138 21.6321 23.3483 23.926 15.0841 9.66377 14.5272 29.6927 13.943 26.8976 11.1512 16.0987 12.3402 21.0292
1.84761 1.29983 0.6285 0 3.67882 2.46991 29.5447 27.1909 32.181 28.4623 27.4595 25.8464 26.8374 26.4038 19.3435 18.6586 17.8111 19.2068 13.8424 12.1206 13.0178 14.5263 8.16321 9.04946 6.37955 7.38032 13.6012 13.0607 20.5301 21.3903 14.4615 25.6327 12.6106 23.382 27.7418 28.2627 27.3325 25.8949 22.5584 24.4006 22.7542 21.5484 15.3401 13.2071 16.2006 16.6674 23.9923 23.9397 25.7308 24.6743 17.6845 8.90279 13.3546 28.0772 14.2388 27.4366 9.56153 13.606 14.2072 20.724
2.63618 3.14597 3.56415 3.67882 0 5.02359 24.9475 27.3305 32.5992 32.3067 26.0968 27.1848 29.5844 29.3294 15.8423 14.4072 16.3777 16.2937 10.5159 9.16143 10.6746 10.6109 7.46342 9.24119 6.59998 8.65492 9.76382 9.17287 23.4097 25.9161 15.2492 30.8108 15.7896 24.6595 27.6385 22.8328 27.4077 23.8355 25.0282 23.6154 23.1647 27.0253 17.0592 18.8895 16.7159 17.993 24.5224 24.3245 24.619 22.1352 13.8252 8.24826 13.3155 31.6598 19.3449 27.3586 14.8598 19.2777 10.042 24.5425
3.71656 3.672 2.81928 2.46991 5.02359 0 30.1724 33.3699 29.8756 30.4254 25.221 31.0864 27.8148 28.9916 21.3922 20.5095 19.6585 21.7555 13.6125 15.4886 14.5493 13.8535 5.71292 7.20515 3.70727 4.24527 13.8666 12.6851 20.87 18.6559 11.3332 25.7528 10.1132 26.8019 28.674 28.4479 31.6292 30.28 26.4661 23.5979 25.2435 27.3892 13.8981 14.7405 14.4729 16.9135 26.9597 24.267 28.1271 26.1919 14.6014 5.71711 11.9635 33.8811 17.1582 30.7379 9.38563 15.635 14.0136 18.6085
25.4788 27.7135 26.2759 29.5447 24.9475 30.1724 0 1.33985 2.30551 3.44446 5.75745 5.54631 5.65726 6.01942 25.3945 23.9705 20.378 19.4667 25.0429 21.9099 21.7882 20.0791 36.1841 39.6487 31.2029 32.932 33.1045 34.9168 48.7985 53.3858 38.669 29.7413 38.3511 8.59975 44.4442 39.5588 38.7708 41.3602 13.2888 15.1516 11.6958 12.676 28.3117 26.2135 28.1744 25.9684 4.47496 4.00371 3.12145 3.43688 37.5924 35.0705 45.4644 32.0498 25.7513 12.6142 32.9416 21.3502 30.2772 44.9195
27.3602 26.2309 27.7887 27.1909 27.3305 33.3699 1.33985 0 1.19967 2.28634 5.23192 4.87091 5.41993 6.10906 24.7778 24.8239 23.4072 19.6221 27.3397 26.4221 24.0455 21.0474 39.459 40.061 31.9067 36.8568 31.3116 35.9371 47.2872 49.2511 45.3287 28.0531 37.2586 8.90887 40.3185 43.9667 37.7736 43.5426 14.0497 13.2689 13.0877 13.4465 26.486 27.4922 28.3831 27.4181 5.59655 5.29958 4.79659 4.66971 38.2055 40.0287 44.6601 27.8704 25.637 14.9362 38.2873 23.8739 32.8934 52.2311
27.7054 26.5511 27.6773 32.181 32.5992 29.8756 2.30551 1.19967 0 1.189 5.73328 6.00843 5.3169 5.56969 29.2299 28.0001 24.8181 20.9673 28.6672 23.549 23.8156 22.4693 36.3654 39.6017 36.8805 33.8696 37.974 33.513 50.8552 47.6286 41.4284 28.4385 36.3505 8.90745 40.2011 44.7842 43.2024 39.5576 13.6434 14.2709 13.8661 14.709 29.6499 30.8063 27.4269 28.8895 6.80071 6.34713 5.89091 6.29217 39.0933 34.92 45.6126 31.1562 23.1454 14.0432 33.9535 25.3378 35.6847 55.4115
28.2721 31.2892 32.6113 28.4623 32.3067 30.4254 3.44446 2.28634 1.189 0 6.03497 5.82839 5.59738 5.91927 29.8972 26.8779 25.0411 22.9473 25.5474 27.9748 25.0608 23.7042 41.4113 36.7745 34.7404 35.1644 36.1827 33.7002 55.0943 57.392 48.3178 29.686 40.5241 8.97152 44.0351 47.1932 46.6541 46.2771 12.9953 14.6227 12.8271 13.4165 30.7253 31.5262 27.4153 30.5292 8.27811 7.89111 6.95532 6.66906 42.9112 35.5352 48.2556 32.8266 24.9024 16.015 37.656 23.7672 32.7086 56.8427
23.2145 22.6505 22.7542 27.4595 26.0968 25.221 5.75745 5.23192 5.73328 6.03497 0 1.22724 2.79399 3.93654 25.6843 25.4544 21.663 23.4306 24.8398 25.0532 20.4562 19.4307 33.6815 33.6677 28.4319 32.9776 30.7792 31.5985 44.3699 44.1308 42.5326 22.881 32.5058 2.66058 42.5596 39.4836 42.5101 37.2516 8.03075 9.09945 7.48476 8.27624 21.0954 21.1329 23.7753 22.1145 7.83575 6.96269 6.144 6.24159 40.9609 36.2764 36.3306 27.0681 19.9331 16.4724 31.2838 18.2645 27.8568 48.134
25.6695 27.1182 25.1876 25.8464 27.1848 31.0864 5.54631 4.87091 6.00843 5.82839 1.22724 0 1.15809 2.30627 26.2134 26.7138 24.6122 23.5254 26.081 22.0538 24.7582 21.5609 33.5806 33.0789 35.2409 35.2791 36.7758 33.2431 43.9429 44.9169 43.8289 20.473 30.9898 2.83643 41.8367 41.8512 40.5035 44.0229 7.27575 8.13423 7.29652 9.34778 23.751 22.7761 22.2608 23.8209 7.78382 6.84183 7.56791 7.03306 39.1264 37.754 39.9987 25.4319 20.9536 17.7035 28.6629 17.4443 33.2627 46.3183
25.0518 26.2271 27.6813 26.8374 29.5844 27.8148 5.65726 5.41993 5.3169 5.59738 2.79399 1.15809 0 1.17236 25.9951 27.9177 26.1439 24.7004 26.5299 25.6564 25.7248 20.9675 36.2912 37.0514 30.9022 36.7914 35.4867 32.1398 52.3847 48.6799 45.174 22.7358 35.4765 3.68093 49.1199 48.5875 42.6093 43.0225 8.78865 8.58863 8.29869 8.9541 25.733 25.2303 24.8624 25.2945 9.61158 8.75323 8.20242 7.92134 39.2521 34.4634 42.0478 23.9473 22.5687 20.4875 30.4946 18.1477 35.6803 45.5248
28.3146 25.8932 29.3108 26.4038 29.3294 28.9916 6.01942 6.10906 5.56969 5.91927 3.93654 2.30627 1.17236 0 31.6283 26.8598 27.0553 26.6774 28.2626 26.4248 26.41 24.5954 37.7071 40.7074 34.6123 35.1931 34.0401 38.8912 45.3689 50.4081 45.9474 23.336 36.1532 4.73205 46.903 47.6593 48.3973 42.4558 9.29792 9.89651 7.94679 9.17207 26.1589 26.1327 23.1126 23.2792 9.19035 9.73993 8.94984 8.05594 42.1623 35.2424 40.7434 26.8568 20.6491 20.85 34.1225 21.1855 34.1485 50.4537
15.885 16.3943 18.8792 19.3435 15.8423 21.3922 25.3945 24.7778 29.2299 29.8972 25.6843 26.2134 25.9951 31.6283 0 1.21351 2.61389 3.69009 5.18436 5.80802 5.6896 6.46518 22.0811 21.7218 21.4386 23.7332 12.1652 13.1987 34.3937 36.4393 26.1964 38.1606 29.8977 26.6878 17.0125 16.866 14.8724 16.7588 29.5915 30.719 31.754 29.568 30.8084 29.9096 32.5623 28.1913 19.2636 20.2807 22.4365 22.5514 18.6595 25.2076 30.4098 41.21 26.8108 15.5516 28.9597 28.1261 9.23075 36.9768
16.8925 15.6758 16.9605 18.6586 14.4072 20.5095 23.9705 24.8239 28.0001 26.8779 25.4544 26.7138 27.9177 26.8598 1.21351 0 1.30737 2.59136 5.54231 5.93855 5.41854 6.47729 22.0744 26.197 20.9208 21.6187 12.1779 12.9387 35.77 35.2766 28.6941 34.1327 32.2347 28.0983 17.021 16.3643 17.8733 15.7421 28.3554 26.7407 27.323 26.1905 30.1951 32.0544 26.6421 30.2355 20.3546 19.4854 20.7772 18.2893 19.2302 25.3251 27.52 42.3907 29.0778 14.8688 31.226 27.1009 10.6744 35.3681
16.4033 17.0908 16.0932 17.8111 16.3777 19.6585 20.378 23.4072 24.8181 25.0411 21.663 24.6122 26.1439 27.0553 2.61389 1.30737 0 1.29201 5.46771 4.99843 4.99046 5.9197 23.427 26.6978 21.4633 25.3066 14.6402 15.7699 38.3951 36.195 25.3997 36.0475 30.0609 23.8801 19.9263 17.3905 17.425 16.8952 26.7287 26.6969 28.8234 26.3386 27.3103 28.7376 26.6322 28.859 16.15 16.1707 19.6502 19.2252 21.7929 24.4083 28.9944 45.0823 28.5968 13.6174 25.8686 25.3204 11.9467 34.8234
16.2525 17.1291 16.8464 19.2068 16.2937 21.7555 19.4667 19.6221 20.9673 22.9473 23.4306 23.5254 24.7004 26.6774 3.69009 2.59136 1.29201 0 6.50666 6.54007 5.74616 5.74844 21.2016 25.8059 23.6035 24.6856 13.5657 17.4264 35.2937 41.9414 30.6877 34.428 32.6461 22.0702 19.4211 22.4445 20.568 20.4473 25.4001 27.2174 28.5493 28.4209 27.9439 31.0438 27.7529 26.7613 14.7327 16.7327 17.1966 17.439 23.4424 23.7517 32.3084 40.6681 27.9321 12.7939 30.8057 26.5661 12.7027 38.7428
11.9244 10.8763 11.8995 13.8424 10.5159 13.6125 25.0429 27.3397 28.6672 25.5474 24.8398 26.081 26.5299 28.2626 5.18436 5.54231 5.46771 6.50666 0 1.17734 2.468 3.89126 15.87 19.1319 15.2258 18.6243 8.5993 9.58826 29.8052 33.5264 21.7415 33.3579 26.129 22.8141 18.9155 19.9929 19.9952 19.9549 25.854 26.0381 28.2416 25.375 23.3133 25.2224 25.7723 28.1204 19.2497 19.3882 22.2004 22.3936 15.8915 17.9159 24.9055 38.8325 22.3093 19.9156 24.8078 22.3877 6.81524 31.2368
10.2378 11.4361 11.8751 12.1206 9.16143 15.4886 21.9099 26.4221 23.549 27.9748 25.0532 22.0538 25.6564 26.4248 5.80802 5.93855 4.99843 6.54007 1.17734 0 1.18745 2.42657 16.0596 20.9085 16.7183 16.9948 9.64434 10.3789 31.368 30.1288 22.6701 33.5153 25.003 24.556 19.2685 18.1488 20.6556 20.8632 22.2 27.0888 26.5278 26.9004 24.7021 25.9154 22.9817 23.7269 20.1297 19.3689 19.7605 18.6997 19.4529 16.751 23.1055 40.6061 24.6721 19.1298 21.9895 23.4948 8.70859 34.4556
10.4209 12.2637 12.8084 13.0178 10.6746 14.5493 21.7882 24.0455 23.8156 25.0608 20.4562 24.7582 25.7248 26.41 5.6896 5.41854 4.99046 5.74616 2.468 1.18745 0 1.23497 19.447 19.6216 18.0718 20.2152 10.6527 12.3965 33.1954 30.5747 24.89 31.1017 22.8543 22.1593 20.6909 22.2726 22.2963 19.0259 22.8219 22.8159 23.6737 22.2783 25.4806 26.7769 25.28 26.6277 17.3707 15.6432 17.4104 16.7747 18.1301 20.1597 22.4354 37.0502 20.7354 17.6395 21.4836 22.6477 8.45137 35.6284
11.8168 12.6259 13.3555 14.5263 10.6109 13.8535 20.0791 21.0474 22.4693 23.7042 19.4307 21.5609 20.9675 24.5954 6.46518 6.47729 5.9197 5.74844 3.89126 2.42657 1.23497 0 16.7145 21.7016 16.2346 19.4043 11.9048 12.9522 34.9269 33.4325 25.3897 32.961 23.0099 19.4963 24.8436 20.4715 23.9736 20.1419 22.5249 22.1787 23.4217 21.9947 23.916 26.1835 25.0964 24.3032 17.3561 16.8978 18.227 18.5175 21.8559 19.423 23.293 35.249 24.1639 16.1319 22.2462 23.2273 9.62352 35.3234
9.06595 9.51345 7.80089 8.16321 7.46342 5.71292 36.1841 39.459 36.3654 41.4113 33.6815 33.5806 36.2912 37.7071 22.0811 22.0744 23.427 21.2016 15.87 16.0596 19.447 16.7145 0 2.65224 2.66004 3.41341 13.7164 10.6868 13.3165 15.3808 6.21905 30.891 12.4767 30.2006 25.6506 24.6112 29.6468 27.7668 28.0413 27.5164 31.7393 33.8198 18.5035 21.9024 19.8512 20.0534 32.0382 32.5159 35.7633 32.013 9.54241 1.63776 7.08088 35.3585 19.7 38.624 11.7773 20.1217 12.7187 16.4
10.8747 9.2091 9.1207 9.04946 9.24119 7.20515 39.6487 40.061 39.6017 36.7745 33.6677 33.0789 37.0514 40.7074 21.7218 26.197 26.6978 25.8059 19.1319 20.9085 19.6216 21.7016 2.65224 0 3.59051 2.78262 16.4278 14.0028 11.6428 14.3219 5.54939 32.6941 9.53787 35.3223 30.7869 30.2747 32.6443 30.6769 30.3893 29.3452 30.5213 33.5391 20.2455 18.0845 21.9284 20.591 34.204 32.4396 33.781 37.0765 12.4674 1.14465 4.66467 32.8373 21.9208 33.9121 10.0384 23.2662 15.9782 13.2869
6.14984 6.14474 6.24301 6.37955 6.59998 3.70727 31.2029 31.9067 36.8805 34.7404 28.4319 35.2409 30.9022 34.6123 21.4386 20.9208 21.4633 23.6035 15.2258 16.7183 18.0718 16.2346 2.66004 3.59051 0 2.45375 14.0465 11.5739 14.851 17.3399 9.20106 30.7792 10.9224 27.1775 27.9066 26.9629 29.7344 25.1545 29.9637 29.8222 31.4877 28.6283 19.3261 16.695 19.7574 19.3392 30.9658 30.8937 32.2404 31.6767 11.9531 2.77378 7.79857 34.8743 18.8697 36.2381 9.33129 18.4699 13.536 15.4881
8.47658 7.75253 7.14195 7.38032 8.65492 4.24527 32.932 36.8568 33.8696 35.1644 32.9776 35.2791 36.7914 35.1931 23.7332 21.6187 25.3066 24.6856 18.6243 16.9948 20.2152 19.4043 3.41341 2.78262 2.45375 0 16.1083 14.4707 15.9978 15.7631 7.69156 28.3298 7.18046 33.0299 28.5265 31.0268 28.5875 27.9784 28.1773 30.8094 31.165 31.2576 17.3582 18.5197 17.4801 17.0231 33.6038 30.0259 33.5563 32.7055 14.6489 2.38724 7.16736 36.3456 16.7952 33.3852 8.00282 19.3255 16.1793 14.07
13.5637 14.1545 12.6041 13.6012 9.76382 13.8666 33.1045 31.3116 37.974 36.1827 30.7792 36.7758 35.4867 34.0401 12.1652 12.1779 14.6402 13.5657 8.5993 9.64434 10.6527 11.9048 13.7164 16.4278 14.0465 16.1083 0 2.35783 21.8926 23.0567 16.9975 35.665 22.7248 33.3463 15.3561 13.8543 14.1016 13.0226 35.1633 32.491 33.7673 32.261 26.8284 30.528 29.9441 27.3938 27.7903 27.2477 30.9637 27.6658 7.94905 12.9137 19.8396 48.4446 27.8061 28.1303 21.3265 26.1042 2.02033 27.6704
10.7824 11.6375 12.0413 13.0607 9.17287 12.6851 34.9168 35.9371 33.513 33.7002 31.5985 33.2431 32.1398 38.8912 13.1987 12.9387 15.7699 17.4264 9.58826 10.3789 12.3965 12.9522 10.6868 14.0028 11.5739 14.4707 2.35783 0 19.2295 24.9241 14.8278 34.8088 23.2236 34.0005 19.2559 17.2825 16.0443 15.9556 29.9834 34.6686 33.1467 31.911 26.3123 26.8384 27.442 29.1973 28.7027 30.7606 31.0356 27.5165 7.45012 12.5866 16.1359 39.5552 27.7403 30.1213 21.6493 26.6424 3.38679 25.9843
21.2521 24.1434 22.8937 20.5301 23.4097 20.87 48.7985 47.2872 50.8552 55.0943 44.3699 43.9429 52.3847 45.3689 34.3937 35.77 38.3951 35.2937 29.8052 31.368 33.1954 34.9269 13.3165 11.6428 14.851 15.9978 21.8926 19.2295 0 2.68478 8.2312 39.8531 17.735 50.0886 32.287 33.9512 37.5648 33.7794 40.5025 39.0559 44.0725 45.4099 30.1041 29.9307 30.0903 30.1458 42.623 45.4288 47.1592 48.3124 14.8525 13.01 7.4146 49.7154 35.5332 52.9908 17.6097 36.278 22.8721 6.78811
23.6052 25.1861 22.4674 21.3903 25.9161 18.6559 53.3858 49.2511 47.6286 57.392 44.1308 44.9169 48.6799 50.4081 36.4393 35.2766 36.195 41.9414 33.5264 30.1288 30.5747 33.4325 15.3808 14.3219 17.3399 15.7631 23.0567 24.9241 2.68478 0 9.41575 45.6577 16.7706 43.5832 40.656 34.358 40.2649 37.4125 42.0625 41.4075 42.6875 43.8601 32.3202 32.3141 32.1444 31.0977 43.7522 46.837 44.2562 49.1318 17.9311 15.4776 8.60859 41.0066 35.1376 53.432 20.7245 33.6739 28.8025 4.89472
15.7495 14.2668 14.3777 14.4615 15.2492 11.3332 38.669 45.3287 41.4284 48.3178 42.5326 43.8289 45.174 45.9474 26.1964 28.6941 25.3997 30.6877 21.7415 22.6701 24.89 25.3897 6.21905 5.54939 9.20106 7.69156 16.9975 14.8278 8.2312 9.41575 0 36.4709 11.9499 34.6281 30.4788 27.7317 29.0162 28.3701 33.2625 35.9544 35.0753 37.2435 25.8068 26.714 24.4746 27.1619 39.7249 35.3178 42.4382 40.609 9.80633 6.14641 3.1284 44.6686 28.1747 42.9917 15.0497 25.6882 17.3976 9.71633
28.3944 27.4266 26.0027 25.6327 30.8108 25.7528 29.7413 28.0531 28.4385 29.686 22.881 20.473 22.7358 23.336 38.1606 34.1327 36.0475 34.428 33.3579 33.5153 31.1017 32.961 30.891 32.6941 30.7792 28.3298 35.665 34.8088 39.8531 45.6577 36.4709 0 25.923 17.5559 58.2534 50.9318 51.9908 49.6436 15.016 12.6881 13.4286 12.5134 13.2011 12.6218 10.1032 10.2842 30.3243 28.3245 29.6535 28.5735 45.6129 33.3742 36.508 4.71036 11.4138 39.9223 23.9173 10.5621 34.7815 35.0506
14.7786 14.1159 11.0671 12.6106 15.7896 10.1132 38.3511 37.2586 36.3505 40.5241 32.5058 30.9898 35.4765 36.1532 29.8977 32.2347 30.0609 32.6461 26.129 25.003 22.8543 23.0099 12.4767 9.53787 10.9224 7.18046 22.7248 23.2236 17.735 16.7706 11.9499 25.923 0 32.8952 38.216 36.5902 39.2001 37.391 29.0218 26.1871 25.9308 25.8659 13.8524 11.573 13.9103 12.6984 34.999 34.468 35.9375 33.1927 21.8 10.9854 10.8031 26.7599 14.42 40.6672 1.97822 17.2569 23.0575 14.7724
21.6698 24.582 23.5143 23.382 24.6595 26.8019 8.59975 8.90887 8.90745 8.97152 2.66058 2.83643 3.68093 4.73205 26.6878 28.0983 23.8801 22.0702 22.8141 24.556 22.1593 19.4963 30.2006 35.3223 27.1775 33.0299 33.3463 34.0005 50.0886 43.5832 34.6281 17.5559 32.8952 0 45.2204 44.9 42.966 45.4642 4.45919 6.28679 4.62953 6.16418 19.0876 19.3967 20.6861 21.3948 9.16307 8.7789 8.86095 8.70702 37.7751 33.3725 40.8976 24.9334 16.6126 19.4685 30.1853 16.3491 31.4769 46.3777
30.4836 30.0841 28.4199 27.7418 27.6385 28.674 44.4442 40.3185 40.2011 44.0351 42.5596 41.8367 49.1199 46.903 17.0125 17.021 19.9263 19.4211 18.9155 19.2685 20.6909 24.8436 25.6506 30.7869 27.9066 28.5265 15.3561 19.2559 32.287 40.656 30.4788 58.2534 38.216 45.2204 0 1.08645 0.96578 1.51473 49.556 44.2025 47.0226 43.0492 47.3512 41.5537 46.8356 43.9971 36.8759 39.8079 37.7013 36.6623 19.8794 27.1628 34.5002 61.7044 42.5956 34.2962 35.3964 44.5072 18.0907 43.6992
25.0009 26.6686 29.0952 28.2627 22.8328 28.4479 39.5588 43.9667 44.7842 47.1932 39.4836 41.8512 48.5875 47.6593 16.866 16.3643 17.3905 22.4445 19.9929 18.1488 22.2726 20.4715 24.6112 30.2747 26.9629 31.0268 13.8543 17.2825 33.9512 34.358 27.7317 50.9318 36.5902 44.9 1.08645 0 1.33319 1.06746 41.7197 42.3691 48.9761 41.5004 45.9381 45.2375 40.3199 45.4839 37.8679 39.7674 39.979 36.5865 19.7867 28.6919 32.4684 63.7699 39.969 29.1312 34.9085 41.5036 15.3571 41.3471
27.554 29.7802 29.4604 27.3325 27.4077 31.6292 38.7708 37.7736 43.2024 46.6541 42.5101 40.5035 42.6093 48.3973 14.8724 17.8733 17.425 20.568 19.9952 20.6556 22.2963 23.9736 29.6468 32.6443 29.7344 28.5875 14.1016 16.0443 37.5648 40.2649 29.0162 51.9908 39.2001 42.966 0.96578 1.33319 0 0.944207 39.8173 44.0265 44.1596 49.4107 40.0531 44.0204 44.1618 43.9941 36.8413 34.4816 38.6469 40.029 17.9847 27.9591 34.0319 56.81 39.5279 29.5068 35.1119 43.3679 17.057 36.5461
25.175 27.4805 29.8275 25.8949 23.8355 30.28 41.3602 43.5426 39.5576 46.2771 37.2516 44.0229 43.0225 42.4558 16.7588 15.7421 16.8952 20.4473 19.9549 20.8632 19.0259 20.1419 27.7668 30.6769 25.1545 27.9784 13.0226 15.9556 33.7794 37.4125 28.3701 49.6436 37.391 45.4642 1.51473 1.06746 0.944207 0 46.8604 43.3582 46.443 48.8924 45.274 39.1683 38.7506 45.257 33.1233 37.126 35.6973 34.3119 19.9623 30.1709 28.2509 55.827 37.8503 33.6726 37.7013 39.982 14.1591 39.6821
20.6031 23.1313 22.0458 22.5584 25.0282 26.4661 13.2888 14.0497 13.6434 12.9953 8.03075 7.27575 8.78865 9.29792 29.5915 28.3554 26.7287 25.4001 25.854 22.2 22.8219 22.5249 28.0413 30.3893 29.9637 28.1773 35.1633 29.9834 40.5025 42.0625 33.2625 15.016 29.0218 4.45919 49.556 41.7197 39.8173 46.8604 0 0.918063 0.917758 1.39639 15.7818 15.0811 14.3176 16.7459 14.2589 13.7791 14.3579 12.3447 39.6807 27.5561 36.0504 17.6604 12.1835 24.0791 25.0587 11.4061 32.982 45.5032
24.2938 21.5717 23.9229 24.4006 23.6154 23.5979 15.1516 13.2689 14.2709 14.6227 9.09945 8.13423 8.58863 9.89651 30.719 26.7407 26.6969 27.2174 26.0381 27.0888 22.8159 22.1787 27.5164 29.3452 29.8222 30.8094 32.491 34.6686 39.0559 41.4075 35.9544 12.6881 26.1871 6.28679 44.2025 42.3691 44.0265 43.3582 0.918063 0 1.47699 0.965568 15.7395 15.5266 14.1647 14.1124 14.0764 13.2748 13.3394 14.1741 39.8273 31.4777 34.1273 18.1433 13.0605 24.5112 23.6292 11.1436 32.8152 43.9509
21.7009 25.5033 22.4699 22.7542 23.1647 25.2435 11.6958 13.0877 13.8661 12.8271 7.48476 7.29652 8.29869 7.94679 31.754 27.323 28.8234 28.5493 28.2416 26.5278 23.6737 23.4217 31.7393 30.5213 31.4877 31.165 33.7673 33.1467 44.0725 42.6875 35.0753 13.4286 25.9308 4.62953 47.0226 48.9761 44.1596 46.443 0.917758 1.47699 0 0.981402 17.2606 17.1123 14.3313 18.0365 14.8194 14.4061 14.9846 13.0914 40.2426 28.5767 33.3593 17.8485 12.5158 23.9875 29.0593 13.2075 32.8668 45.8172
24.4933 24.9099 23.0328 21.5484 27.0253 27.3892 12.676 13.4465 14.709 13.4165 8.27624 9.34778 8.9541 9.17207 29.568 26.1905 26.3386 28.4209 25.375 26.9004 22.2783 21.9947 33.8198 33.5391 28.6283 31.2576 32.261 31.911 45.4099 43.8601 37.2435 12.5134 25.8659 6.16418 43.0492 41.5004 49.4107 48.8924 1.39639 0.965568 0.981402 0 16.4937 15.0074 14.3902 14.8146 14.8732 14.5927 15.2857 12.7859 41.7664 28.4518 33.58 18.5941 12.4592 23.5064 28.3697 12.6459 29.1078 41.3242
15.8521 13.9139 13.6427 15.3401 17.0592 13.8981 28.3117 26.486 29.6499 30.7253 21.0954 23.751 25.733 26.1589 30.8084 30.1951 27.3103 27.9439 23.3133 24.7021 25.4806 23.916 18.5035 20.2455 19.3261 17.3582 26.8284 26.3123 30.1041 32.3202 25.8068 13.2011 13.8524 19.0876 47.3512 45.9381 40.0531 45.274 15.7818 15.7395 17.2606 16.4937 0 0.98912 1.06487 1.39229 24.8116 26.6978 23.4874 25.9165 29.828 19.6259 22.6964 16.7578 2.7844 34.7052 10.3482 4.14704 27.2262 27.5182
16.5257 16.977 15.3201 13.2071 18.8895 14.7405 26.2135 27.4922 30.8063 31.5262 21.1329 22.7761 25.2303 26.1327 29.9096 32.0544 28.7376 31.0438 25.2224 25.9154 26.7769 26.1835 21.9024 18.0845 16.695 18.5197 30.528 26.8384 29.9307 32.3141 26.714 12.6218 11.573 19.3967 41.5537 45.2375 44.0204 39.1683 15.0811 15.5266 17.1123 15.0074 0.98912 0 1.35628 1.06023 26.4979 23.5707 27.6301 25.4103 31.0151 21.0369 20.4771 15.0538 3.56925 38.4184 10.9854 5.12641 28.4805 29.0373
15.0958 15.0681 13.6767 16.2006 16.7159 14.4729 28.1744 28.3831 27.4269 27.4153 23.7753 22.2608 24.8624 23.1126 32.5623 26.6421 26.6322 27.7529 25.7723 22.9817 25.28 25.0964 19.8512 21.9284 19.7574 17.4801 29.9441 27.442 30.0903 32.1444 24.4746 10.1032 13.9103 20.6861 46.8356 40.3199 44.1618 38.7506 14.3176 14.1647 14.3313 14.3902 1.06487 1.35628 0 1.00017 23.795 26.546 27.6287 25.3214 31.7185 21.194 21.4142 15.0129 2.50665 31.0948 12.3188 3.85146 29.0199 29.0509
15.0089 15.4445 15.0906 16.6674 17.993 16.9135 25.9684 27.4181 28.8895 30.5292 22.1145 23.8209 25.2945 23.2792 28.1913 30.2355 28.859 26.7613 28.1204 23.7269 26.6277 24.3032 20.0534 20.591 19.3392 17.0231 27.3938 29.1973 30.1458 31.0977 27.1619 10.2842 12.6984 21.3948 43.9971 45.4839 43.9941 45.257 16.7459 14.1124 18.0365 14.8146 1.39229 1.06023 1.00017 0 26.9881 25.2115 26.5618 26.529 31.794 21.6886 21.5819 16.7489 3.71033 35.6103 12.1437 4.37277 25.9291 30.6818
21.9296 21.7693 24.138 23.9923 24.5224 26.9597 4.47496 5.59655 6.80071 8.27811 7.83575 7.78382 9.61158 9.19035 19.2636 20.3546 16.15 14.7327 19.2497 20.1297 17.3707 17.3561 32.0382 34.204 30.9658 33.6038 27.7903 28.7027 42.623 43.7522 39.7249 30.3243 34.999 9.16307 36.8759 37.8679 36.8413 33.1233 14.2589 14.0764 14.8194 14.8732 24.8116 26.4979 23.795 26.9881 0 1.0276 1.08093 1.39304 34.4312 33.4483 38.459 31.3071 24.4223 10.1024 32.611 20.9392 26.5396 47.1418
23.6769 24.2743 21.6321 23.9397 24.3245 24.267 4.00371 5.29958 6.34713 7.89111 6.96269 6.84183 8.75323 9.73993 20.2807 19.4854 16.1707 16.7327 19.3882 19.3689 15.6432 16.8978 32.5159 32.4396 30.8937 30.0259 27.2477 30.7606 45.4288 46.837 35.3178 28.3245 34.468 8.7789 39.8079 39.7674 34.4816 37.126 13.7791 13.2748 14.4061 14.5927 26.6978 23.5707 26.546 25.2115 1.0276 0 1.53926 0.923447 38.3749 32.485 39.5678 29.928 23.2042 11.5211 29.3306 19.1928 26.9819 49.1346
25.4524 23.6876 23.3483 25.7308 24.619 28.1271 3.12145 4.79659 5.89091 6.95532 6.144 7.56791 8.20242 8.94984 22.4365 20.7772 19.6502 17.1966 22.2004 19.7605 17.4104 18.227 35.7633 33.781 32.2404 33.5563 30.9637 31.0356 47.1592 44.2562 42.4382 29.6535 35.9375 8.86095 37.7013 39.979 38.6469 35.6973 14.3579 13.3394 14.9846 15.2857 23.4874 27.6301 27.6287 26.5618 1.08093 1.53926 0 1.00432 35.9121 30.724 40.2485 34.4178 23.5211 11.7403 30.8929 23.0056 27.8268 50.7581
25.0542 24.2393 23.926 24.6743 22.1352 26.1919 3.43688 4.66971 6.29217 6.66906 6.24159 7.03306 7.92134 8.05594 22.5514 18.2893 19.2252 17.439 22.3936 18.6997 16.7747 18.5175 32.013 37.0765 31.6767 32.7055 27.6658 27.5165 48.3124 49.1318 40.609 28.5735 33.1927 8.70702 36.6623 36.5865 40.029 34.3119 12.3447 14.1741 13.0914 12.7859 25.9165 25.4103 25.3214 26.529 1.39304 0.923447 1.00432 0 38.7171 32.3547 34.7278 29.3421 23.4919 12.5493 32.1539 20.7406 25.2158 50.5194
14.9521 14.9255 15.0841 17.6845 13.8252 14.6014 37.5924 38.2055 39.0933 42.9112 40.9609 39.1264 39.2521 42.1623 18.6595 19.2302 21.7929 23.4424 15.8915 19.4529 18.1301 21.8559 9.54241 12.4674 11.9531 14.6489 7.94905 7.45012 14.8525 17.9311 9.80633 45.6129 21.8 37.7751 19.8794 19.7867 17.9847 19.9623 39.6807 39.8273 40.2426 41.7664 29.828 31.0151 31.7185 31.794 34.4312 38.3749 35.9121 38.7171 0 12.0166 11.8883 46.2486 29.4195 35.8131 22.3612 31.2567 10.1758 22.5751
10.2403 9.67431 9.66377 8.90279 8.24826 5.71711 35.0705 40.0287 34.92 35.5352 36.2764 37.754 34.4634 35.2424 25.2076 25.3251 24.4083 23.7517 17.9159 16.751 20.1597 19.423 1.63776 1.14465 2.77378 2.38724 12.9137 12.5866 13.01 15.4776 6.14641 33.3742 10.9854 33.3725 27.1628 28.6919 27.9591 30.1709 27.5561 31.4777 28.5767 28.4518 19.6259 21.0369 21.194 21.6886 33.4483 32.485 30.724 32.3547 12.0166 0 5.65134 35.707 19.2387 39.9765 9.99428 19.6836 15.0274 13.4415
13.7822 13.7588 14.5272 13.3546 13.3155 11.9635 45.4644 44.6601 45.6126 48.2556 36.3306 39.9987 42.0478 40.7434 30.4098 27.52 28.9944 32.3084 24.9055 23.1055 22.4354 23.293 7.08088 4.66467 7.79857 7.16736 19.8396 16.1359 7.4146 8.60859 3.1284 36.508 10.8031 40.8976 34.5002 32.4684 34.0319 28.2509 36.0504 34.1273 33.3593 33.58 22.6964 20.4771 21.4142 21.5819 38.459 39.5678 40.2485 34.7278 11.8883 5.65134 0 35.458 25.5503 40.1039 11.2145 27.8021 18.3876 8.86951
30.6741 33.7597 29.6927 28.0772 31.6598 33.8811 32.0498 27.8704 31.1562 32.8266 27.0681 25.4319 23.9473 26.8568 41.21 42.3907 45.0823 40.6681 38.8325 40.6061 37.0502 35.249 35.3585 32.8373 34.8743 36.3456 48.4446 39.5552 49.7154 41.0066 44.6686 4.71036 26.7599 24.9334 61.7044 63.7699 56.81 55.827 17.6604 18.1433 17.8485 18.5941 16.7578 15.0538 15.0129 16.7489 31.3071 29.928 34.4178 29.3421 46.2486 35.707 35.458 0 17.1111 40.089 28.2717 14.4555 41.4917 41.4599
15.4284 13.7085 13.943 14.2388 19.3449 17.1582 25.7513 25.637 23.1454 24.9024 19.9331 20.9536 22.5687 20.6491 26.8108 29.0778 28.5968 27.9321 22.3093 24.6721 20.7354 24.1639 19.7 21.9208 18.8697 16.7952 27.8061 27.7403 35.5332 35.1376 28.1747 11.4138 14.42 16.6126 42.5956 39.969 39.5279 37.8503 12.1835 13.0605 12.5158 12.4592 2.7844 3.56925 2.50665 3.71033 24.4223 23.2042 23.5211 23.4919 29.4195 19.2387 25.5503 17.1111 0 32.0711 14.1043 1.32582 24.953 28.89
27.9554 26.7576 26.8976 27.4366 27.3586 30.7379 12.6142 14.9362 14.0432 16.015 16.4724 17.7035 20.4875 20.85 15.5516 14.8688 13.6174 12.7939 19.9156 19.1298 17.6395 16.1319 38.624 33.9121 36.2381 33.3852 28.1303 30.1213 52.9908 53.432 42.9917 39.9223 40.6672 19.4685 34.2962 29.1312 29.5068 33.6726 24.0791 24.5112 23.9875 23.5064 34.7052 38.4184 31.0948 35.6103 10.1024 11.5211 11.7403 12.5493 35.8131 39.9765 40.1039 40.089 32.0711 0 36.5847 31.9561 28.4039 50.7113
11.3848 12.2969 11.1512 9.56153 14.8598 9.38563 32.9416 38.2873 33.9535 37.656 31.2838 28.6629 30.4946 34.1225 28.9597 31.226 25.8686 30.8057 24.8078 21.9895 21.4836 22.2462 11.7773 10.0384 9.33129 8.00282 21.3265 21.6493 17.6097 20.7245 15.0497 23.9173 1.97822 30.1853 35.3964 34.9085 35.1119 37.7013 25.0587 23.6292 29.0593 28.3697 10.3482 10.9854 12.3188 12.1437 32.611 29.3306 30.8929 32.1539 22.3612 9.99428 11.2145 28.2717 14.1043 36.5847 0 13.6227 21.7164 15.2521
14.3616 14.0347 16.0987 13.606 19.2777 15.635 21.3502 23.8739 25.3378 23.7672 18.2645 17.4443 18.1477 21.1855 28.1261 27.1009 25.3204 26.5661 22.3877 23.4948 22.6477 23.2273 20.1217 23.2662 18.4699 19.3255 26.1042 26.6424 36.278 33.6739 25.6882 10.5621 17.2569 16.3491 44.5072 41.5036 43.3679 39.982 11.4061 11.1436 13.2075 12.6459 4.14704 5.12641 3.85146 4.37277 20.9392 19.1928 23.0056 20.7406 31.2567 19.6836 27.8021 14.4555 1.32582 31.9561 13.6227 0 28.3164 28.9902
11.9394 11.2103 12.3402 14.2072 10.042 14.0136 30.2772 32.8934 35.6847 32.7086 27.8568 33.2627 35.6803 34.1485 9.23075 10.6744 11.9467 12.7027 6.81524 8.70859 8.45137 9.62352 12.7187 15.9782 13.536 16.1793 2.02033 3.38679 22.8721 28.8025 17.3976 34.7815 23.0575 31.4769 18.0907 15.3571 17.057 14.1591 32.982 32.8152 32.8668 29.1078 27.2262 28.4805 29.0199 25.9291 26.5396 26.9819 27.8268 25.2158 10.1758 15.0274 18.3876 41.4917 24.953 28.4039 21.7164 28.3164 0 29.7566
22.8474 21.0062 21.0292 20.724 24.5425 18.6085 44.9195 52.2311 55.4115 56.8427 48.134 46.3183 45.5248 50.4537 36.9768 35.3681 34.8234 38.7428 31.2368 34.4556 35.6284 35.3234 16.4 13.2869 15.4881 14.07 27.6704 25.9843 6.78811 4.89472 9.71633 35.0506 14.7724 46.3777 43.6992 41.3471 36.5461 39.6821 45.5032 43.9509 45.8172 41.3242 27.5182 29.0373 29.0509 30.6818 47.1418 49.1346 50.7581 50.5194 22.5751 13.4415 8.86951 41.4599 28.89 50.7113 15.2521 28.9902 29.7566 0
