10
16
0 2.33934 18.2932 18.921 21.9772 24.2705 22.6445 27.3039 27.9167 28.5262 10.2023 10.3306 10.7532 11.4819 8.17029 12.1945
2.33934 0 17.4696 18.0183 18.408 22.1486 23.6749 25.4644 25.3541 24.2416 7.74296 8.18342 8.02775 9.9926 5.8651 10.624
18.2932 17.4696 0 1.38455 2.74062 3.72507 5.05286 5.86885 5.74726 6.16823 9.65142 9.05339 8.84335 9.32469 13.0981 8.93456
18.921 18.0183 1.38455 0 1.1532 2.30624 5.30042 5.62118 5.61176 5.41656 12.0807 10.856 9.80192 9.78723 13.3533 11.6052
21.9772 18.408 2.74062 1.1532 0 1.17462 5.91425 5.42496 4.91523 5.1049 11.5181 11.2157 10.9872 10.4113 16.061 12.7527
24.2705 22.1486 3.72507 2.30624 1.17462 0 6.57567 6.45829 5.83267 5.32504 12.2794 13.6224 12.0612 11.3644 15.6751 14.3179
22.6445 23.6749 5.05286 5.30042 5.91425 6.57567 0 1.23107 2.71032 3.62751 14.7439 14.4239 14.4451 13.1263 18.6495 13.1769
27.3039 25.4644 5.86885 5.62118 5.42496 6.45829 1.23107 0 1.1596 2.52163 15.5561 15.0088 14.0282 13.4938 19.2138 14.5451
27.9167 25.3541 5.74726 5.61176 4.91523 5.83267 2.71032 1.1596 0 1.23416 15.1016 14.6178 14.3246 16.0412 20.1055 14.4509
28.5262 24.2416 6.16823 5.41656 5.1049 5.32504 3.62751 2.52163 1.23416 0 16.7898 17.6023 16.3751 15.1949 21.1964 16.6179
10.2023 7.74296 9.65142 12.0807 11.5181 12.2794 14.7439 15.5561 15.1016 16.7898 0 0.612857 1.42711 2.13026 2.39035 3.74334
10.3306 8.18342 9.05339 10.856 11.2157 13.6224 14.4239 15.0088 14.6178 17.6023 0.612857 0 0.610034 1.26246 2.7051 3.58825
10.7532 8.02775 8.84335 9.80192 10.9872 12.0612 14.4451 14.0282 14.3246 16.3751 1.42711 0.610034 0 0.668669 3.2922 3.02797
11.4819 9.9926 9.32469 9.78723 10.4113 11.3644 13.1263 13.4938 16.0412 15.1949 2.13026 1.26246 0.668669 0 4.33109 2.36901
8.17029 5.8651 13.0981 13.3533 16.061 15.6751 18.6495 19.2138 20.1055 21.1964 2.39035 2.7051 3.2922 4.33109 0 5.14979
12.1945 10.624 8.93456 11.6052 12.7527 14.3179 13.1769 14.5451 14.4509 16.6179 3.74334 3.58825 3.02797 2.36901 5.14979 0
