3
30
30
0 0.605246 1.2521 2.06197 2.28178 4.1442 18.3407 18.7172 15.7229 14.5749 15.9718 16.4085 15.6863 14.3661 4.41942 5.56497 8.17348 8.48083 7.72613 8.24222 8.90752 8.41093 8.76304 7.83369 14.1511 20.1228 16.3563 28.4249 18.8364 29.4392
0.605246 0 0.707871 1.3299 3.12649 3.26336 17.8721 18.0565 18.0948 16.5513 18.4019 15.1892 13.5196 12.6841 4.41675 5.19712 7.50035 8.6607 6.59252 8.06011 9.57737 7.8967 8.87463 7.73877 15.2917 20.8235 15.1388 25.5162 20.8107 33.5145
1.2521 0.707871 0 0.659902 3.44343 2.8835 19.8618 17.5245 18.4873 14.7722 16.5387 14.8185 13.3961 12.5161 4.44553 4.60456 6.9446 7.69339 7.11943 7.33894 9.81975 8.95083 8.36308 8.50539 16.9414 18.8737 17.1042 28.9922 20.8785 33.208
2.06197 1.3299 0.659902 0 3.77386 2.63287 17.8155 17.8002 16.2726 17.2992 17.7873 15.2305 14.3859 14.6478 4.92498 4.8311 7.5658 7.28296 6.91647 6.81248 10.2466 9.32221 10.7183 9.63298 18.1049 23.3355 17.8021 26.0481 22.5835 30.5204
2.28178 3.12649 3.44343 3.77386 0 5.18429 17.5372 13.9562 13.3363 13.6675 14.6726 13.9621 13.0526 11.7678 3.65263 5.80482 7.36652 8.25744 6.50678 8.26641 5.81258 5.18008 5.619 5.23329 14.0244 18.4175 12.8995 22.6695 17.6951 31.3428
4.1442 3.26336 2.8835 2.63287 5.18429 0 19.4 17.2814 17.3303 14.8671 15.0537 15.7199 12.7071 11.5168 3.88716 2.66487 5.50677 5.49954 3.79028 4.08751 11.1343 9.21059 9.50031 8.62208 17.434 22.6201 14.8018 24.4464 23.2776 34.4474
18.3407 17.8721 19.8618 17.8155 17.5372 19.4 0 1.33656 2.30594 3.75692 5.85038 5.99848 5.96269 6.46531 14.0313 18.0031 14.6886 15.3344 15.5393 17.2435 10.576 11.7199 11.7202 12.886 15.9106 21.3982 3.03085 8.21128 17.8076 14.0692
18.7172 18.0565 17.5245 17.8002 13.9562 17.2814 1.33656 0 1.17864 2.68835 5.09708 5.19096 5.80423 6.12408 12.8687 15.7867 14.8297 14.7357 17.0133 17.2327 9.41934 9.25979 10.3454 10.2608 16.4663 21.0008 1.92523 9.13124 17.6662 15.5849
15.7229 18.0948 18.4873 16.2726 13.3363 17.3303 2.30594 1.17864 0 1.23087 6.13977 5.32665 5.02322 5.38275 12.5475 15.7976 14.2141 15.4562 14.1008 15.9865 8.46811 8.20772 8.82455 10.2013 15.4279 20.7126 1.16482 9.38798 14.9902 15.144
14.5749 16.5513 14.7722 17.2992 13.6675 14.8671 3.75692 2.68835 1.23087 0 6.68702 6.08335 5.54814 5.04502 11.7445 14.8646 13.5661 15.4741 13.9061 15.4547 7.31531 7.48553 7.1621 8.64224 15.0076 16.9684 1.4827 11.6062 15.4074 16.6559
15.9718 18.4019 16.5387 17.7873 14.6726 15.0537 5.85038 5.09708 6.13977 6.68702 0 1.38581 2.33892 3.60404 13.308 12.6539 12.4938 12.5796 13.9952 12.877 10.7359 11.1696 10.5959 12.0569 18.5634 26.9058 5.52256 10.4094 22.0714 16.6704
16.4085 15.1892 14.8185 15.2305 13.9621 15.7199 5.99848 5.19096 5.32665 6.08335 1.38581 0 1.17279 2.50038 12.2927 12.5644 12.1856 12.6532 11.8543 13.2832 9.84129 8.38802 9.58567 9.54952 17.8808 23.4289 4.46579 12.3665 21.9075 18.7618
15.6863 13.5196 13.3961 14.3859 13.0526 12.7071 5.96269 5.80423 5.02322 5.54814 2.33892 1.17279 0 1.25659 10.1614 11.7099 10.3517 10.1859 11.7945 11.8013 8.09081 8.26551 9.50852 9.51174 17.3996 23.7047 4.57834 12.3712 21.6769 21.0356
14.3661 12.6841 12.5161 14.6478 11.7678 11.5168 6.46531 6.12408 5.38275 5.04502 3.60404 2.50038 1.25659 0 9.21936 10.3171 9.71712 10.3355 9.65086 10.8877 7.60044 6.57177 8.36877 7.49765 17.2871 21.5351 4.5969 12.9016 18.8563 20.735
4.41942 4.41675 4.44553 4.92498 3.65263 3.88716 14.0313 12.8687 12.5475 11.7445 13.308 12.2927 10.1614 9.21936 0 2.49824 4.25386 4.92283 3.87009 5.40103 6.51069 5.63836 6.97344 5.55317 17.4661 21.1835 11.8282 24.8613 20.7454 26.9349
5.56497 5.19712 4.60456 4.8311 5.80482 2.66487 18.0031 15.7867 15.7976 14.8646 12.6539 12.5644 11.7099 10.3171 2.49824 0 2.89447 3.1261 1.99633 2.77636 9.98783 8.11237 8.6539 8.00735 19.2792 22.8905 13.9963 22.0591 23.1058 29.2345
8.17348 7.50035 6.9446 7.5658 7.36652 5.50677 14.6886 14.8297 14.2141 13.5661 12.4938 12.1856 10.3517 9.71712 4.25386 2.89447 0 0.916794 0.958479 1.29843 11.0611 10.0119 10.8362 10.3516 20.9605 26.8486 13.539 23.1932 25.3941 29.8834
8.48083 8.6607 7.69339 7.28296 8.25744 5.49954 15.3344 14.7357 15.4562 15.4741 12.5796 12.6532 10.1859 10.3355 4.92283 3.1261 0.916794 0 1.42 0.967792 10.6149 10.6867 12.8623 9.77943 20.7124 24.6552 15.0659 22.1529 27.6584 29.7439
7.72613 6.59252 7.11943 6.91647 6.50678 3.79028 15.5393 17.0133 14.1008 13.9061 13.9952 11.8543 11.7945 9.65086 3.87009 1.99633 0.958479 1.42 0 0.998799 10.6331 9.81664 11.4478 9.99078 20.3926 26.1645 14.8582 24.0972 25.5578 30.1455
8.24222 8.06011 7.33894 6.81248 8.26641 4.08751 17.2435 17.2327 15.9865 15.4547 12.877 13.2832 11.8013 10.8877 5.40103 2.77636 1.29843 0.967792 0.998799 0 11.624 10.3573 12.2638 10.7699 19.8458 28.2416 13.6229 26.3947 23.1261 30.4099
8.90752 9.57737 9.81975 10.2466 5.81258 11.1343 10.576 9.41934 8.46811 7.31531 10.7359 9.84129 8.09081 7.60044 6.51069 9.98783 11.0611 10.6149 10.6331 11.624 0 1.05064 1.02574 1.41221 10.4903 16.0977 7.63155 16.6127 15.1595 21.9377
8.41093 7.8967 8.95083 9.32221 5.18008 9.21059 11.7199 9.25979 8.20772 7.48553 11.1696 8.38802 8.26551 6.57177 5.63836 8.11237 10.0119 10.6867 9.81664 10.3573 1.05064 0 1.42031 1.0064 12.0831 15.0111 7.35289 17.9473 14.1542 23.2515
8.76304 8.87463 8.36308 10.7183 5.619 9.50031 11.7202 10.3454 8.82455 7.1621 10.5959 9.58567 9.50852 8.36877 6.97344 8.6539 10.8362 12.8623 11.4478 12.2638 1.02574 1.42031 0 0.92179 10.5712 13.8853 9.23862 20.6029 13.0629 21.4924
7.83369 7.73877 8.50539 9.63298 5.23329 8.62208 12.886 10.2608 10.2013 8.64224 12.0569 9.54952 9.51174 7.49765 5.55317 8.00735 10.3516 9.77943 9.99078 10.7699 1.41221 1.0064 0.92179 0 11.0656 16.7182 8.80047 18.5027 14.1151 25.5268
14.1511 15.2917 16.9414 18.1049 14.0244 17.434 15.9106 16.4663 15.4279 15.0076 18.5634 17.8808 17.3996 17.2871 17.4661 19.2792 20.9605 20.7124 20.3926 19.8458 10.4903 12.0831 10.5712 11.0656 0 4.59932 16.279 23.4495 4.16978 23.8271
20.1228 20.8235 18.8737 23.3355 18.4175 22.6201 21.3982 21.0008 20.7126 16.9684 26.9058 23.4289 23.7047 21.5351 21.1835 22.8905 26.8486 24.6552 26.1645 28.2416 16.0977 15.0111 13.8853 16.7182 4.59932 0 21.4744 25.4128 3.66913 26.7887
16.3563 15.1388 17.1042 17.8021 12.8995 14.8018 3.03085 1.92523 1.16482 1.4827 5.52256 4.46579 4.57834 4.5969 11.8282 13.9963 13.539 15.0659 14.8582 13.6229 7.63155 7.35289 9.23862 8.80047 16.279 21.4744 0 10.6929 16.9456 15.2415
28.4249 25.5162 28.9922 26.0481 22.6695 24.4464 8.21128 9.13124 9.38798 11.6062 10.4094 12.3665 12.3712 12.9016 24.8613 22.0591 23.1932 22.1529 24.0972 26.3947 16.6127 17.9473 20.6029 18.5027 23.4495 25.4128 10.6929 0 25.8191 7.69809
18.8364 20.8107 20.8785 22.5835 17.6951 23.2776 17.8076 17.6662 14.9902 15.4074 22.0714 21.9075 21.6769 18.8563 20.7454 23.1058 25.3941 27.6584 25.5578 23.1261 15.1595 14.1542 13.0629 14.1151 4.16978 3.66913 16.9456 25.8191 0 22.7857
29.4392 33.5145 33.208 30.5204 31.3428 34.4474 14.0692 15.5849 15.144 16.6559 16.6704 18.7618 21.0356 20.735 26.9349 29.2345 29.8834 29.7439 30.1455 30.4099 21.9377 23.2515 21.4924 25.5268 23.8271 26.7887 15.2415 7.69809 22.7857 0
