9
50
60
0 0.62559 1.26725 1.84677 2.36676 4.22343 26.675 25.8513 31.217 28.3315 22.8281 24.2733 25.2618 27.3485 14.8577 17.8234 16.677 15.9734 10.9125 11.9118 10.0898 11.9011 8.3407 11.1065 7.40615 8.40165 12.0304 10.8224 22.589 26.1995 15.6945 25.3798 13.4893 23.2105 28.1384 28.6911 25.3527 28.1158 22.6522 20.1374 24.0145 23.2006 14.2867 16.7498 16.1414 15.4649 23.188 22.9435 22.0915 25.0943 17.2565 9.56607 14.8596 34.3886 16.0393 27.2194 11.5248 14.2216 10.4567 22.9683
0.62559 0 0.61751 1.37694 2.85895 3.28932 27.4225 28.4248 31.5332 30.4695 22.7598 26.8212 24.5868 26.8571 16.4282 17.2876 15.5882 17.21 10.8001 11.8787 11.598 11.0206 8.164 10.1716 6.48485 7.93414 12.346 11.7579 24.4054 22.7758 15.4383 27.2347 14.1522 22.2362 30.4671 27.1514 28.2503 28.3883 22.294 21.0128 21.2461 21.965 14.5006 16.2339 16.7403 16.7362 22.5879 21.2142 22.3942 24.5266 17.3335 8.91881 14.0618 31.8244 14.493 26.2863 10.5085 14.3777 11.3972 22.9581
1.26725 0.61751 0 0.712938 3.45213 3.15864 24.9457 30.0223 31.5362 31.6535 25.4239 27.0551 26.3031 29.9659 16.4725 19.111 16.098 18.5229 11.6048 13.3738 12.7714 12.533 8.29357 10.425 6.26989 7.53138 12.7056 11.2095 20.4316 22.1394 13.85 26.8599 13.3358 25.9044 29.6375 27.1935 31.0117 28.3823 21.6047 24.292 22.892 21.2596 13.9439 13.5637 14.2257 15.3412 22.2869 23.1647 24.0305 21.8525 15.4019 7.97652 13.2761 31.5232 16.2618 29.5491 11.0463 14.1229 13.0682 21.6959
1.84677 1.37694 0.712938 0 4.32993 2.40165 25.1362 28.5287 32.1619 29.2777 26.5929 25.6139 26.8109 27.0796 18.1702 19.6435 17.017 19.2277 13.7662 12.1757 14.2707 13.5719 7.62134 8.86505 5.89397 7.73528 13.0032 13.5032 21.027 23.7261 13.9499 26.9697 11.0662 25.1356 28.7125 26.2059 26.607 28.712 20.988 20.4741 24.4529 21.6407 14.6221 15.3783 15.502 14.5589 24.0042 24.1981 23.5888 25.2417 14.6512 9.14847 13.8951 30.5802 14.3382 28.9851 10.0686 16.2837 13.7191 20.7514
2.36676 2.85895 3.45213 4.32993 0 4.78204 27.8301 27.261 30.8625 31.4381 26.8036 24.9246 29.296 32.0338 13.7221 14.9243 16.2655 15.4509 9.61993 9.4778 10.2755 9.83135 7.8952 10.6167 6.17363 8.96465 10.8706 8.77545 23.0507 21.489 14.9193 31.7449 15.3752 24.5197 23.9189 24.7226 25.024 26.4703 26.4419 26.6456 23.3133 24.8865 17.7389 19.911 16.8513 20.1686 22.9104 25.413 26.021 24.3362 14.3098 8.57234 13.2688 34.8448 18.3762 28.2998 13.7783 18.9954 8.28116 25.7859
4.22343 3.28932 3.15864 2.40165 4.78204 0 29.0882 32.5002 29.2569 30.2141 25.1687 30.1382 31.4902 32.8377 20.5841 21.518 19.9766 19.5515 15.3773 15.5156 13.8337 16.2993 6.23115 6.73836 3.86887 4.2057 15.1628 12.1688 20.8803 19.3074 12.7719 27.7596 10.7915 29.079 29.0352 26.4575 28.8565 27.8071 23.8252 23.1875 26.6211 23.0224 14.1976 14.5427 16.724 17.4226 24.4763 27.3988 25.4032 26.6207 14.9281 5.65618 11.8541 31.6316 14.3333 33.6384 9.13786 16.229 13.887 20.398
26.675 27.4225 24.9457 25.1362 27.8301 29.0882 0 1.30164 2.66823 3.43539 5.35932 5.81707 5.38356 7.08207 26.0573 23.3019 21.4047 21.8341 22.2522 20.9441 20.8586 18.4866 38.6324 33.3984 34.515 35.6637 35.3542 36.3474 47.6795 53.0053 40.1318 28.9572 38.4219 8.40239 40.0541 41.9354 38.2548 38.7099 12.2329 14.8829 12.7088 15.3164 26.4201 28.6705 24.498 29.8218 3.96431 4.32463 2.97807 3.16392 40.9067 38.4261 38.9488 31.9228 21.7107 13.9384 33.0279 24.8211 32.3103 47.2817
25.8513 28.4248 30.0223 28.5287 27.261 32.5002 1.30164 0 1.26186 2.52318 5.24779 5.4218 5.93945 5.99318 25.5586 21.9411 22.0737 23.194 23.2394 22.9137 21.0025 20.4403 34.4455 34.4302 34.9723 37.0081 32.8745 33.7874 45.7912 54.5791 46.8982 30.0909 38.0308 8.22924 44.8171 38.4084 43.3942 44.3725 12.8827 14.9191 12.6921 13.7385 26.9641 28.3486 26.4709 25.4552 5.93001 5.87571 4.13563 4.23735 41.3839 35.3994 45.7524 28.8102 25.0416 14.7021 33.0989 23.2931 32.9273 47.2993
31.217 31.5332 31.5362 32.1619 30.8625 29.2569 2.66823 1.26186 0 1.37683 5.50617 6.07147 5.40435 6.06258 28.8019 24.5585 23.9396 22.2925 25.0821 23.0756 25.4207 23.5371 35.1241 39.2177 38.2359 36.6845 32.1163 39.0477 48.5877 51.9136 39.831 26.8068 36.01 7.96954 46.2754 43.0915 44.7424 38.6125 14.0968 15.2688 14.0316 14.3162 30.1882 27.1778 26.5273 26.9979 6.50433 7.09748 5.72931 5.38806 43.7027 35.8832 42.905 30.2257 22.6827 14.4865 37.3598 25.6071 35.9639 46.8621
28.3315 30.4695 31.6535 29.2777 31.4381 30.2141 3.43539 2.52318 1.37683 0 7.00433 6.02166 5.40747 5.64943 30.0059 28.1832 26.2685 22.8345 29.6404 27.6771 26.0581 25.1497 38.628 39.1097 33.0443 40.2476 37.9247 35.7519 54.7163 55.8171 47.4386 26.1432 37.4532 9.43055 43.5135 40.445 41.3657 40.7002 14.2339 16.1209 13.5043 13.4902 28.7824 29.8507 28.4429 31.5374 7.87023 7.92665 7.232 6.45764 46.4062 35.5212 42.9391 30.2735 27.428 16.2481 35.7772 23.9511 32.7023 56.5775
22.8281 22.7598 25.4239 26.5929 26.8036 25.1687 5.35932 5.24779 5.50617 7.00433 0 1.33493 2.40425 3.81466 23.6749 22.6264 23.4551 22.1862 22.5403 23.5069 20.9351 19.8734 32.437 36.0167 33.0874 30.3932 31.5347 35.3714 45.5696 50.2248 40.5892 21.2394 31.0091 2.76473 42.4147 45.5555 45.6872 40.4389 7.08946 9.30995 7.08992 7.93108 20.8273 22.5144 22.5329 24.5116 6.82838 6.03847 7.14424 6.10721 39.6829 30.934 37.1363 25.7959 19.8406 18.685 29.2628 18.6444 33.167 43.0273
24.2733 26.8212 27.0551 25.6139 24.9246 30.1382 5.81707 5.4218 6.07147 6.02166 1.33493 0 1.32358 2.28991 27.6594 27.1392 22.0688 20.9583 24.9601 25.7374 24.464 19.6864 34.7912 38.7559 33.6668 32.8493 31.7327 34.6751 45.0823 45.1578 38.4833 22.663 30.883 3.1165 39.5784 44.1853 46.5587 41.414 7.63309 8.43032 8.28157 8.85402 23.3622 21.4021 22.6846 22.7502 7.56258 6.83851 8.08186 7.02144 39.2374 37.6018 38.0018 23.4585 19.8371 19.6429 33.4851 18.0094 31.4896 43.9906
25.2618 24.5868 26.3031 26.8109 29.296 31.4902 5.38356 5.93945 5.40435 5.40747 2.40425 1.32358 0 1.33431 29.8821 26.5618 26.1743 26.3241 25.352 28.0144 23.8393 20.7647 34.9437 38.5131 34.2493 35.9102 37.3611 34.1742 47.0223 47.488 44.3499 24.0266 35.4853 3.76866 45.873 42.291 41.1705 45.1037 8.18876 8.6447 8.45863 8.85409 25.6271 23.7048 22.7043 24.9088 9.52947 8.47336 7.37733 7.87828 42.3074 33.8754 38.5058 27.2792 19.7536 18.7507 35.0296 17.4929 31.7773 47.8027
27.3485 26.8571 29.9659 27.0796 32.0338 32.8377 7.08207 5.99318 6.06258 5.64943 3.81466 2.28991 1.33431 0 28.9675 25.6196 25.9884 25.6793 26.5724 29.0854 27.8553 26.5929 33.4215 35.9054 36.2644 32.8751 37.363 35.4788 53.9505 49.8235 40.7638 24.1605 36.8011 4.16484 45.4441 49.5173 43.4839 41.6446 8.80889 10.1005 8.39272 10.1348 22.8905 24.1499 25.1766 24.5137 10.6477 8.98713 9.15189 8.65586 39.0199 38.7789 38.9997 24.9548 21.1582 20.9922 31.6829 18.7331 34.8968 50.2658
14.8577 16.4282 16.4725 18.1702 13.7221 20.5841 26.0573 25.5586 28.8019 30.0059 23.6749 27.6594 29.8821 28.9675 0 1.3623 2.71199 3.69557 5.5878 5.53533 6.24152 5.95895 20.2939 25.2586 20.2339 23.1814 11.5626 13.2621 37.112 35.8484 28.4871 40.7776 31.7822 25.7373 17.2998 16.4738 15.6875 15.6771 27.3383 27.1216 27.4667 29.6559 30.2936 27.8659 29.7144 31.7002 20.1583 21.6002 20.5259 22.3474 18.442 22.086 29.051 41.4109 30.9701 17.1331 27.1724 28.4526 10.5065 34.6718
17.8234 17.2876 19.111 19.6435 14.9243 21.518 23.3019 21.9411 24.5585 28.1832 22.6264 27.1392 26.5618 25.6196 1.3623 0 1.32086 2.52525 5.83469 5.19617 5.27453 5.41241 22.2125 24.042 23.3017 22.0872 11.7104 14.5283 36.9525 36.4097 26.3559 37.895 31.8588 25.8938 17.8814 16.3042 17.9611 16.2433 28.6884 30.3758 27.386 26.703 30.7229 32.2568 30.5978 29.3912 19.0244 19.0477 18.4544 19.4065 22.4235 24.4024 26.0777 44.1685 27.9054 16.565 31.2482 28.2874 11.4281 37.9848
16.677 15.5882 16.098 17.017 16.2655 19.9766 21.4047 22.0737 23.9396 26.2685 23.4551 22.0688 26.1743 25.9884 2.71199 1.32086 0 1.36632 5.70253 5.41498 5.49292 5.84352 23.0833 24.3648 23.5326 25.5496 14.4429 15.8003 34.2434 39.419 28.7858 38.2795 32.9474 26.5477 19.7152 19.2157 16.7459 16.4861 25.1779 26.839 28.6638 25.7464 27.5692 32.2744 27.1719 28.3644 18.2149 16.7258 17.8387 19.6077 21.863 23.812 28.1392 39.9602 26.9422 13.4889 30.6165 24.9926 11.9589 34.6134
15.9734 17.21 18.5229 19.2277 15.4509 19.5515 21.8341 23.194 22.2925 22.8345 22.1862 20.9583 26.3241 25.6793 3.69557 2.52525 1.36632 0 6.70732 5.92793 5.31009 5.03302 21.403 23.7999 20.809 26.8079 14.1481 17.2136 38.1341 39.2511 27.842 36.8902 30.6952 24.1059 22.5537 19.9786 17.8777 18.0985 27.4069 28.2481 24.8135 27.0075 27.5842 28.6387 27.9444 31.3874 17.838 15.5929 16.4798 16.7708 21.3141 26.0723 27.9487 42.1845 29.2901 13.2417 26.7803 27.6583 12.3624 35.315
10.9125 10.8001 11.6048 13.7662 9.61993 15.3773 22.2522 23.2394 25.0821 29.6404 22.5403 24.9601 25.352 26.5724 5.5878 5.83469 5.70253 6.70732 0 1.27282 2.37689 3.54944 16.5092 17.947 15.5797 17.1011 9.19841 10.0735 30.7004 33.7172 23.5452 34.816 25.6253 23.5184 19.7901 20.4916 17.8928 19.2578 27.0523 27.384 25.7511 24.2966 24.6063 25.1391 24.4989 24.0828 20.5217 18.0012 23.0196 18.9848 16.8913 17.4808 24.649 39.9551 23.6958 20.8287 24.9034 21.3725 7.18996 33.8547
11.9118 11.8787 13.3738 12.1757 9.4778 15.5156 20.9441 22.9137 23.0756 27.6771 23.5069 25.7374 28.0144 29.0854 5.53533 5.19617 5.41498 5.92793 1.27282 0 1.36784 2.33432 17.9705 19.8958 17.5928 19.6552 10.9003 11.1598 31.4883 31.295 24.1464 31.6762 23.8044 21.5655 20.6851 21.508 18.4952 18.7926 22.2538 26.5054 24.7235 27.9235 23.3928 23.8673 25.9579 26.8823 18.5112 19.9769 19.5316 19.1379 17.7874 19.6106 25.7166 39.1719 22.0431 17.5654 21.9233 25.1799 7.82887 33.2143
10.0898 11.598 12.7714 14.2707 10.2755 13.8337 20.8586 21.0025 25.4207 26.0581 20.9351 24.464 23.8393 27.8553 6.24152 5.27453 5.49292 5.31009 2.37689 1.36784 0 1.18973 17.073 20.6329 16.9275 19.1112 10.9284 11.6446 33.7557 32.4023 24.0869 35.5546 26.7383 23.9195 22.2991 22.6676 20.425 18.7496 24.3649 23.0621 24.0871 26.3056 22.0994 25.871 25.4236 25.0981 18.7822 16.4015 17.5599 19.0235 19.4209 18.909 22.4429 36.3208 23.4784 16.6663 21.4406 23.053 9.48614 33.5356
11.9011 11.0206 12.533 13.5719 9.83135 16.2993 18.4866 20.4403 23.5371 25.1497 19.8734 19.6864 20.7647 26.5929 5.95895 5.41241 5.84352 5.03302 3.54944 2.33432 1.18973 0 18.7375 19.043 17.1184 18.3455 11.8121 14.305 30.1416 33.2617 23.7982 32.4046 23.8724 20.5743 21.0139 23.588 24.0076 21.1998 21.4599 22.7395 22.0114 22.8627 21.1479 25.2717 21.4465 23.2103 17.2781 17.4574 18.2497 17.4203 20.515 21.4913 27.4314 36.3407 23.8555 18.3327 22.3138 20.5543 9.67595 33.8126
8.3407 8.164 8.29357 7.62134 7.8952 6.23115 38.6324 34.4455 35.1241 38.628 32.437 34.7912 34.9437 33.4215 20.2939 22.2125 23.0833 21.403 16.5092 17.9705 17.073 18.7375 0 2.60248 2.7796 3.2898 11.9777 9.85584 14.7777 14.1472 6.40195 34.2726 12.13 35.176 29.6969 26.1731 28.7935 25.4393 30.8818 32.2717 30.2728 32.141 20.1975 21.0869 20.6731 22.7341 30.3763 31.6974 36.2262 35.2147 9.51318 1.57046 6.93148 39.9919 23.5805 36.8529 11.0916 22.3209 11.5597 16.1288
11.1065 10.1716 10.425 8.86505 10.6167 6.73836 33.3984 34.4302 39.2177 39.1097 36.0167 38.7559 38.5131 35.9054 25.2586 24.042 24.3648 23.7999 17.947 19.8958 20.6329 19.043 2.60248 0 3.34939 2.66934 14.1984 12.2657 12.5144 13.7293 5.68273 28.4798 9.90822 30.2898 29.6262 30.8589 31.927 27.9888 32.0995 28.3147 33.1053 32.6806 17.6904 17.8938 20.2205 20.8975 33.6805 31.1272 37.7897 32.5878 12.8364 0.971207 4.5759 38.9365 21.6766 35.701 10.2733 23.8229 14.8922 12.5008
7.40615 6.48485 6.26989 5.89397 6.17363 3.86887 34.515 34.9723 38.2359 33.0443 33.0874 33.6668 34.2493 36.2644 20.2339 23.3017 23.5326 20.809 15.5797 17.5928 16.9275 17.1184 2.7796 3.34939 0 2.494 13.7845 11.5151 17.1487 17.3456 8.77801 31.8497 9.62761 28.5676 28.0438 30.2401 27.6924 28.4806 25.8244 25.6729 29.9616 27.7438 19.3407 16.6333 17.1113 18.3243 29.7763 28.5089 28.1104 28.4343 11.2925 2.93618 8.51604 36.8219 17.6079 32.7485 10.5368 20.2477 13.1109 16.2969
8.40165 7.93414 7.53138 7.73528 8.96465 4.2057 35.6637 37.0081 36.6845 40.2476 30.3932 32.8493 35.9102 32.8751 23.1814 22.0872 25.5496 26.8079 17.1011 19.6552 19.1112 18.3455 3.2898 2.66934 2.494 0 15.2603 13.2166 15.4781 14.7988 7.92383 28.9969 7.83938 29.778 30.0798 27.9387 28.653 32.3132 26.9713 31.2098 29.3681 28.6194 16.4386 16.5925 16.2847 18.3344 34.6479 31.6705 35.1467 34.5316 14.2323 2.52547 7.37038 31.1149 17.9078 35.8179 7.76348 20.9799 16.8625 15.4605
12.0304 12.346 12.7056 13.0032 10.8706 15.1628 35.3542 32.8745 32.1163 37.9247 31.5347 31.7327 37.3611 37.363 11.5626 11.7104 14.4429 14.1481 9.19841 10.9003 10.9284 11.8121 11.9777 14.1984 13.7845 15.2603 0 2.47461 21.6769 27.6786 17.565 36.8546 25.4637 35.4587 17.0214 14.6846 15.49 13.0533 30.4575 35.5372 35.614 34.9589 29.4373 26.6642 28.0785 27.482 30.188 27.2841 32.4408 28.8113 9.246 15.0339 18.8374 40.846 27.6047 30.3285 21.8272 29.8506 2.0778 27.252
10.8224 11.7579 11.2095 13.5032 8.77545 12.1688 36.3474 33.7874 39.0477 35.7519 35.3714 34.6751 34.1742 35.4788 13.2621 14.5283 15.8003 17.2136 10.0735 11.1598 11.6446 14.305 9.85584 12.2657 11.5151 13.2166 2.47461 0 20.0408 23.7689 14.1742 35.0116 19.1324 30.535 16.3439 16.9301 18.9412 17.8712 30.7951 31.2906 35.1377 31.7948 28.6322 29.589 26.041 25.0712 26.6988 26.7162 31.9429 32.4242 6.47033 10.7711 16.6278 42.9913 25.6543 30.6416 20.3681 28.9629 3.50867 24.7321
22.589 24.4054 20.4316 21.027 23.0507 20.8803 47.6795 45.7912 48.5877 54.7163 45.5696 45.0823 47.0223 53.9505 37.112 36.9525 34.2434 38.1341 30.7004 31.4883 33.7557 30.1416 14.7777 12.5144 17.1487 15.4781 21.6769 20.0408 0 2.35036 8.53299 43.7084 16.7166 46.1679 31.547 31.1702 31.8023 36.4544 45.5651 40.5011 46.3779 44.89 28.8593 28.4513 28.2914 33.8452 46.2465 49.1663 45.4873 44.2451 14.4908 14.0576 7.41756 45.5915 35.4901 47.4939 20.8129 32.819 22.9243 7.25369
26.1995 22.7758 22.1394 23.7261 21.489 19.3074 53.0053 54.5791 51.9136 55.8171 50.2248 45.1578 47.488 49.8235 35.8484 36.4097 39.419 39.2511 33.7172 31.295 32.4023 33.2617 14.1472 13.7293 17.3456 14.7988 27.6786 23.7689 2.35036 0 9.9449 42.3793 18.6013 42.4542 40.5442 34.3257 36.5282 36.6719 40.7919 46.7573 46.1222 48.8133 29.444 30.9762 30.9615 32.8841 49.8023 46.7445 51.1439 51.775 17.093 15.4477 8.42097 48.3899 30.6269 55.7353 19.4195 30.5707 25.8848 5.27368
15.6945 15.4383 13.85 13.9499 14.9193 12.7719 40.1318 46.8982 39.831 47.4386 40.5892 38.4833 44.3499 40.7638 28.4871 26.3559 28.7858 27.842 23.5452 24.1464 24.0869 23.7982 6.40195 5.68273 8.77801 7.92383 17.565 14.1742 8.53299 9.9449 0 35.455 13.4476 41.6734 28.4381 27.5917 27.2614 29.5005 33.7847 39.321 34.4405 38.0161 25.3057 23.7122 23.7871 23.5981 41.3744 39.2315 39.3092 41.4658 10.9435 5.97493 2.70404 43.8034 26.5392 44.985 14.1097 27.064 18.583 10.2272
25.3798 27.2347 26.8599 26.9697 31.7449 27.7596 28.9572 30.0909 26.8068 26.1432 21.2394 22.663 24.0266 24.1605 40.7776 37.895 38.2795 36.8902 34.816 31.6762 35.5546 32.4046 34.2726 28.4798 31.8497 28.9969 36.8546 35.0116 43.7084 42.3793 35.455 0 23.1894 18.5661 56.6327 56.703 52.8964 52.1596 15.8146 13.3425 14.2001 13.294 11.0715 11.6568 11.3087 10.9527 25.7957 28.6767 27.0791 29.1339 44.7808 32.7661 31.8289 4.90879 10.3703 36.7654 24.2544 10.8953 37.1929 34.6786
13.4893 14.1522 13.3358 11.0662 15.3752 10.7915 38.4219 38.0308 36.01 37.4532 31.0091 30.883 35.4853 36.8011 31.7822 31.8588 32.9474 30.6952 25.6253 23.8044 26.7383 23.8724 12.13 9.90822 9.62761 7.83938 25.4637 19.1324 16.7166 18.6013 13.4476 23.1894 0 32.4197 35.6043 34.4737 40.9739 39.537 29.0141 27.5095 27.4866 27.5452 12.9124 11.7112 15.0062 14.0072 36.3621 34.4979 37.0866 35.542 20.499 10.868 11.608 25.9081 15.8073 39.032 1.78881 16.2623 22.0858 14.7005
23.2105 22.2362 25.9044 25.1356 24.5197 29.079 8.40239 8.22924 7.96954 9.43055 2.76473 3.1165 3.76866 4.16484 25.7373 25.8938 26.5477 24.1059 23.5184 21.5655 23.9195 20.5743 35.176 30.2898 28.5676 29.778 35.4587 30.535 46.1679 42.4542 41.6734 18.5661 32.4197 0 44.2422 40.2897 43.673 46.0587 5.09261 5.80634 4.37499 5.2837 19.4941 20.2974 18.2901 20.9157 9.15435 8.51927 8.83619 8.84858 41.0966 32.1317 38.3922 21.8633 18.176 18.3952 26.3536 15.8499 30.7198 42.9508
28.1384 30.4671 29.6375 28.7125 23.9189 29.0352 40.0541 44.8171 46.2754 43.5135 42.4147 39.5784 45.873 45.4441 17.2998 17.8814 19.7152 22.5537 19.7901 20.6851 22.2991 21.0139 29.6969 29.6262 28.0438 30.0798 17.0214 16.3439 31.547 40.5442 28.4381 56.6327 35.6043 44.2422 0 0.987885 1.07756 1.51721 41.8224 48.7063 44.4399 46.6436 47.3954 40.7317 45.5873 46.4834 34.3469 36.5706 36.6067 39.6106 20.528 28.5631 29.8377 57.3779 39.3683 32.5347 38.166 44.0927 16.1361 39.9062
28.6911 27.1514 27.1935 26.2059 24.7226 26.4575 41.9354 38.4084 43.0915 40.445 45.5555 44.1853 42.291 49.5173 16.4738 16.3042 19.2157 19.9786 20.4916 21.508 22.6676 23.588 26.1731 30.8589 30.2401 27.9387 14.6846 16.9301 31.1702 34.3257 27.5917 56.703 34.4737 40.2897 0.987885 0 1.3409 1.08414 41.5046 44.6094 42.733 44.9082 46.1665 47.506 39.5032 40.6219 36.7947 34.3773 38.4197 39.7278 19.5175 27.845 30.2703 61.6929 42.294 34.0479 34.5095 46.3973 14.2669 40.694
25.3527 28.2503 31.0117 26.607 25.024 28.8565 38.2548 43.3942 44.7424 41.3657 45.6872 46.5587 41.1705 43.4839 15.6875 17.9611 16.7459 17.8777 17.8928 18.4952 20.425 24.0076 28.7935 31.927 27.6924 28.653 15.49 18.9412 31.8023 36.5282 27.2614 52.8964 40.9739 43.673 1.07756 1.3409 0 0.943785 42.9581 46.7038 42.8945 45.0884 39.3974 44.7028 47.4001 43.8479 39.1822 32.7303 36.6658 34.4734 19.9379 27.7273 30.2366 54.5789 46.3134 30.9584 39.784 40.1241 17.4434 37.6074
28.1158 28.3883 28.3823 28.712 26.4703 27.8071 38.7099 44.3725 38.6125 40.7002 40.4389 41.414 45.1037 41.6446 15.6771 16.2433 16.4861 18.0985 19.2578 18.7926 18.7496 21.1998 25.4393 27.9888 28.4806 32.3132 13.0533 17.8712 36.4544 36.6719 29.5005 52.1596 39.537 46.0587 1.51721 1.08414 0.943785 0 40.2507 48.0669 48.0077 41.4457 44.8623 38.9566 41.5734 40.4726 32.7014 38.8779 34.1259 36.116 17.6967 27.2624 30.1073 61.615 44.9718 27.6395 37.4877 45.5997 16.0401 38.5756
22.6522 22.294 21.6047 20.988 26.4419 23.8252 12.2329 12.8827 14.0968 14.2339 7.08946 7.63309 8.18876 8.80889 27.3383 28.6884 25.1779 27.4069 27.0523 22.2538 24.3649 21.4599 30.8818 32.0995 25.8244 26.9713 30.4575 30.7951 45.5651 40.7919 33.7847 15.8146 29.0141 5.09261 41.8224 41.5046 42.9581 40.2507 0 1.03186 0.955891 1.43619 16.2043 15.3353 14.3734 16.008 15.1588 12.2271 12.4895 12.7872 38.581 33.0756 35.7656 19.7136 12.4578 22.7661 26.1284 10.6369 33.6862 41.0611
20.1374 21.0128 24.292 20.4741 26.6456 23.1875 14.8829 14.9191 15.2688 16.1209 9.30995 8.43032 8.6447 10.1005 27.1216 30.3758 26.839 28.2481 27.384 26.5054 23.0621 22.7395 32.2717 28.3147 25.6729 31.2098 35.5372 31.2906 40.5011 46.7573 39.321 13.3425 27.5095 5.80634 48.7063 44.6094 46.7038 48.0669 1.03186 0 1.36553 0.917315 14.3567 15.707 13.5987 14.2246 14.8804 13.1158 15.81 13.6352 41.0545 28.3033 34.5506 16.4816 12.1672 22.9407 23.0008 11.8169 30.8921 45.1787
24.0145 21.2461 22.892 24.4529 23.3133 26.6211 12.7088 12.6921 14.0316 13.5043 7.08992 8.28157 8.45863 8.39272 27.4667 27.386 28.6638 24.8135 25.7511 24.7235 24.0871 22.0114 30.2728 33.1053 29.9616 29.3681 35.614 35.1377 46.3779 46.1222 34.4405 14.2001 27.4866 4.37499 44.4399 42.733 42.8945 48.0077 0.955891 1.36553 0 1.09999 16.2045 18.1854 16.8036 14.9529 13.8475 13.075 14.3466 12.1698 37.9573 31.2026 34.794 17.4296 13.6794 22.3765 25.149 13.4189 28.7842 41.385
23.2006 21.965 21.2596 21.6407 24.8865 23.0224 15.3164 13.7385 14.3162 13.4902 7.93108 8.85402 8.85409 10.1348 29.6559 26.703 25.7464 27.0075 24.2966 27.9235 26.3056 22.8627 32.141 32.6806 27.7438 28.6194 34.9589 31.7948 44.89 48.8133 38.0161 13.294 27.5452 5.2837 46.6436 44.9082 45.0884 41.4457 1.43619 0.917315 1.09999 0 16.8754 15.523 15.6824 16.5145 15.2041 13.1185 14.4958 13.2593 39.1771 34.3632 38.8693 18.0266 12.5166 23.0362 27.2877 11.6889 31.1975 40.3001
14.2867 14.5006 13.9439 14.6221 17.7389 14.1976 26.4201 26.9641 30.1882 28.7824 20.8273 23.3622 25.6271 22.8905 30.2936 30.7229 27.5692 27.5842 24.6063 23.3928 22.0994 21.1479 20.1975 17.6904 19.3407 16.4386 29.4373 28.6322 28.8593 29.444 25.3057 11.0715 12.9124 19.4941 47.3954 46.1665 39.3974 44.8623 16.2043 14.3567 16.2045 16.8754 0 0.915692 1.1 1.45186 25.6908 22.4034 25.7732 25.7958 27.6085 18.8603 20.8043 15.4968 2.76573 36.4871 10.3598 4.29516 24.9182 24.9742
16.7498 16.2339 13.5637 15.3783 19.911 14.5427 28.6705 28.3486 27.1778 29.8507 22.5144 21.4021 23.7048 24.1499 27.8659 32.2568 32.2744 28.6387 25.1391 23.8673 25.871 25.2717 21.0869 17.8938 16.6333 16.5925 26.6642 29.589 28.4513 30.9762 23.7122 11.6568 11.7112 20.2974 40.7317 47.506 44.7028 38.9566 15.3353 15.707 18.1854 15.523 0.915692 0 1.38818 0.92153 28.5973 27.6263 26.399 26.1904 31.0801 18.9428 20.8831 17.6757 3.93445 34.3905 11.514 4.8194 29.6168 26.3512
16.1414 16.7403 14.2257 15.502 16.8513 16.724 24.498 26.4709 26.5273 28.4429 22.5329 22.6846 22.7043 25.1766 29.7144 30.5978 27.1719 27.9444 24.4989 25.9579 25.4236 21.4465 20.6731 20.2205 17.1113 16.2847 28.0785 26.041 28.2914 30.9615 23.7871 11.3087 15.0062 18.2901 45.5873 39.5032 47.4001 41.5734 14.3734 13.5987 16.8036 15.6824 1.1 1.38818 0 1.01171 23.7314 24.5667 25.6406 25.6054 29.7448 20.1387 25.4276 15.2979 2.4171 34.5732 13.3024 4.13297 29.8859 28.7142
15.4649 16.7362 15.3412 14.5589 20.1686 17.4226 29.8218 25.4552 26.9979 31.5374 24.5116 22.7502 24.9088 24.5137 31.7002 29.3912 28.3644 31.3874 24.0828 26.8823 25.0981 23.2103 22.7341 20.8975 18.3243 18.3344 27.482 25.0712 33.8452 32.8841 23.5981 10.9527 14.0072 20.9157 46.4834 40.6219 43.8479 40.4726 16.008 14.2246 14.9529 16.5145 1.45186 0.92153 1.01171 0 23.7321 26.7992 27.7224 24.8526 31.2151 19.6924 24.5453 15.2269 3.42344 35.6441 11.1624 5.1003 25.881 28.7162
23.188 22.5879 22.2869 24.0042 22.9104 24.4763 3.96431 5.93001 6.50433 7.87023 6.82838 7.56258 9.52947 10.6477 20.1583 19.0244 18.2149 17.838 20.5217 18.5112 18.7822 17.2781 30.3763 33.6805 29.7763 34.6479 30.188 26.6988 46.2465 49.8023 41.3744 25.7957 36.3621 9.15435 34.3469 36.7947 39.1822 32.7014 15.1588 14.8804 13.8475 15.2041 25.6908 28.5973 23.7314 23.7321 0 1.03768 1.07964 1.33599 36.6409 32.1942 35.4185 32.8504 21.2312 9.97553 30.9958 22.2978 26.7805 44.7703
22.9435 21.2142 23.1647 24.1981 25.413 27.3988 4.32463 5.87571 7.09748 7.92665 6.03847 6.83851 8.47336 8.98713 21.6002 19.0477 16.7258 15.5929 18.0012 19.9769 16.4015 17.4574 31.6974 31.1272 28.5089 31.6705 27.2841 26.7162 49.1663 46.7445 39.2315 28.6767 34.4979 8.51927 36.5706 34.3773 32.7303 38.8779 12.2271 13.1158 13.075 13.1185 22.4034 27.6263 24.5667 26.7992 1.03768 0 1.40565 1.02024 33.6878 34.173 35.3396 33.7468 22.3829 10.4278 28.6411 19.3331 27.4841 49.7887
22.0915 22.3942 24.0305 23.5888 26.021 25.4032 2.97807 4.13563 5.72931 7.232 7.14424 8.08186 7.37733 9.15189 20.5259 18.4544 17.8387 16.4798 23.0196 19.5316 17.5599 18.2497 36.2262 37.7897 28.1104 35.1467 32.4408 31.9429 45.4873 51.1439 39.3092 27.0791 37.0866 8.83619 36.6067 38.4197 36.6658 34.1259 12.4895 15.81 14.3466 14.4958 25.7732 26.399 25.6406 27.7224 1.07964 1.40565 0 0.910951 37.3543 30.417 39.4908 30.499 22.4126 11.814 33.7391 23.7782 28.1371 44.5671
25.0943 24.5266 21.8525 25.2417 24.3362 26.6207 3.16392 4.23735 5.38806 6.45764 6.10721 7.02144 7.87828 8.65586 22.3474 19.4065 19.6077 16.7708 18.9848 19.1379 19.0235 17.4203 35.2147 32.5878 28.4343 34.5316 28.8113 32.4242 44.2451 51.775 41.4658 29.1339 35.542 8.84858 39.6106 39.7278 34.4734 36.116 12.7872 13.6352 12.1698 13.2593 25.7958 26.1904 25.6054 24.8526 1.33599 1.02024 0.910951 0 36.7582 36.1966 40.5792 28.1101 22.0775 10.858 29.5736 22.9358 27.3567 44.1366
17.2565 17.3335 15.4019 14.6512 14.3098 14.9281 40.9067 41.3839 43.7027 46.4062 39.6829 39.2374 42.3074 39.0199 18.442 22.4235 21.863 21.3141 16.8913 17.7874 19.4209 20.515 9.51318 12.8364 11.2925 14.2323 9.246 6.47033 14.4908 17.093 10.9435 44.7808 20.499 41.0966 20.528 19.5175 19.9379 17.6967 38.581 41.0545 37.9573 39.1771 27.6085 31.0801 29.7448 31.2151 36.6409 33.6878 37.3543 36.7582 0 12.4197 12.0466 46.4316 28.47 36.2868 22.9453 31.6854 9.09172 19.1725
9.56607 8.91881 7.97652 9.14847 8.57234 5.65618 38.4261 35.3994 35.8832 35.5212 30.934 37.6018 33.8754 38.7789 22.086 24.4024 23.812 26.0723 17.4808 19.6106 18.909 21.4913 1.57046 0.971207 2.93618 2.52547 15.0339 10.7711 14.0576 15.4477 5.97493 32.7661 10.868 32.1317 28.5631 27.845 27.7273 27.2624 33.0756 28.3033 31.2026 34.3632 18.8603 18.9428 20.1387 19.6924 32.1942 34.173 30.417 36.1966 12.4197 0 5.40054 32.568 21.8975 33.1128 10.9873 23.5137 15.3137 13.2401
14.8596 14.0618 13.2761 13.8951 13.2688 11.8541 38.9488 45.7524 42.905 42.9391 37.1363 38.0018 38.5058 38.9997 29.051 26.0777 28.1392 27.9487 24.649 25.7166 22.4429 27.4314 6.93148 4.5759 8.51604 7.37038 18.8374 16.6278 7.41756 8.42097 2.70404 31.8289 11.608 38.3922 29.8377 30.2703 30.2366 30.1073 35.7656 34.5506 34.794 38.8693 20.8043 20.8831 25.4276 24.5453 35.4185 35.3396 39.4908 40.5792 12.0466 5.40054 0 39.8681 22.3529 38.9469 11.5828 25.2215 19.889 9.07565
34.3886 31.8244 31.5232 30.5802 34.8448 31.6316 31.9228 28.8102 30.2257 30.2735 25.7959 23.4585 27.2792 24.9548 41.4109 44.1685 39.9602 42.1845 39.9551 39.1719 36.3208 36.3407 39.9919 38.9365 36.8219 31.1149 40.846 42.9913 45.5915 48.3899 43.8034 4.90879 25.9081 21.8633 57.3779 61.6929 54.5789 61.615 19.7136 16.4816 17.4296 18.0266 15.4968 17.6757 15.2979 15.2269 32.8504 33.7468 30.499 28.1101 46.4316 32.568 39.8681 0 15.8372 46.0382 28.9453 14.5101 42.2597 42.9637
16.0393 14.493 16.2618 14.3382 18.3762 14.3333 21.7107 25.0416 22.6827 27.428 19.8406 19.8371 19.7536 21.1582 30.9701 27.9054 26.9422 29.2901 23.6958 22.0431 23.4784 23.8555 23.5805 21.6766 17.6079 17.9078 27.6047 25.6543 35.4901 30.6269 26.5392 10.3703 15.8073 18.176 39.3683 42.294 46.3134 44.9718 12.4578 12.1672 13.6794 12.5166 2.76573 3.93445 2.4171 3.42344 21.2312 22.3829 22.4126 22.0775 28.47 21.8975 22.3529 15.8372 0 29.7979 14.3706 1.25427 26.0155 27.2868
27.2194 26.2863 29.5491 28.9851 28.2998 33.6384 13.9384 14.7021 14.4865 16.2481 18.685 19.6429 18.7507 20.9922 17.1331 16.565 13.4889 13.2417 20.8287 17.5654 16.6663 18.3327 36.8529 35.701 32.7485 35.8179 30.3285 30.6416 47.4939 55.7353 44.985 36.7654 39.032 18.3952 32.5347 34.0479 30.9584 27.6395 22.7661 22.9407 22.3765 23.0362 36.4871 34.3905 34.5732 35.6441 9.97553 10.4278 11.814 10.858 36.2868 33.1128 38.9469 46.0382 29.7979 0 34.9763 29.9465 28.3993 55.7291
11.5248 10.5085 11.0463 10.0686 13.7783 9.13786 33.0279 33.0989 37.3598 35.7772 29.2628 33.4851 35.0296 31.6829 27.1724 31.2482 30.6165 26.7803 24.9034 21.9233 21.4406 22.3138 11.0916 10.2733 10.5368 7.76348 21.8272 20.3681 20.8129 19.4195 14.1097 24.2544 1.78881 26.3536 38.166 34.5095 39.784 37.4877 26.1284 23.0008 25.149 27.2877 10.3598 11.514 13.3024 11.1624 30.9958 28.6411 33.7391 29.5736 22.9453 10.9873 11.5828 28.9453 14.3706 34.9763 0 15.2388 24.3605 17.3905
14.2216 14.3777 14.1229 16.2837 18.9954 16.229 24.8211 23.2931 25.6071 23.9511 18.6444 18.0094 17.4929 18.7331 28.4526 28.2874 24.9926 27.6583 21.3725 25.1799 23.053 20.5543 22.3209 23.8229 20.2477 20.9799 29.8506 28.9629 32.819 30.5707 27.064 10.8953 16.2623 15.8499 44.0927 46.3973 40.1241 45.5997 10.6369 11.8169 13.4189 11.6889 4.29516 4.8194 4.13297 5.1003 22.2978 19.3331 23.7782 22.9358 31.6854 23.5137 25.2215 14.5101 1.25427 29.9465 15.2388 0 24.9999 33.0285
10.4567 11.3972 13.0682 13.7191 8.28116 13.887 32.3103 32.9273 35.9639 32.7023 33.167 31.4896 31.7773 34.8968 10.5065 11.4281 11.9589 12.3624 7.18996 7.82887 9.48614 9.67595 11.5597 14.8922 13.1109 16.8625 2.0778 3.50867 22.9243 25.8848 18.583 37.1929 22.0858 30.7198 16.1361 14.2669 17.4434 16.0401 33.6862 30.8921 28.7842 31.1975 24.9182 29.6168 29.8859 25.881 26.7805 27.4841 28.1371 27.3567 9.09172 15.3137 19.889 42.2597 26.0155 28.3993 24.3605 24.9999 0 27.8114
22.9683 22.9581 21.6959 20.7514 25.7859 20.398 47.2817 47.2993 46.8621 56.5775 43.0273 43.9906 47.8027 50.2658 34.6718 37.9848 34.6134 35.315 33.8547 33.2143 33.5356 33.8126 16.1288 12.5008 16.2969 15.4605 27.252 24.7321 7.25369 5.27368 10.2272 34.6786 14.7005 42.9508 39.9062 40.694 37.6074 38.5756 41.0611 45.1787 41.385 40.3001 24.9742 26.3512 28.7142 28.7162 44.7703 49.7887 44.5671 44.1366 19.1725 13.2401 9.07565 42.9637 27.2868 55.7291 17.3905 33.0285 27.8114 0
