7
50
60
0 0.689768 1.2516 1.92018 2.73047 4.00858 26.4851 28.6667 26.1511 30.6543 24.4448 27.6265 26.1237 25.736 17.1978 16.1813 18.0064 17.9568 11.058 9.96147 10.325 12.2968 9.8151 10.0098 6.72362 7.71731 12.4979 10.4039 22.7304 22.7958 14.7944 23.9773 13.789 24.0886 25.7283 27.6959 27.4448 28.88 23.0599 20.7429 23.4613 21.827 15.8437 17.4855 16.0352 16.302 21.9244 21.8251 22.5447 23.4385 16.9482 9.43234 13.974 28.4745 14.9257 28.4093 11.7868 16.4957 10.7834 24.9623
0.689768 0 0.624381 1.36257 3.18671 3.24601 25.0771 28.083 31.6415 27.3631 23.2269 28.2063 25.9918 30.8635 16.4879 15.8126 18.5301 16.97 11.3972 11.517 11.7663 12.292 8.28089 10.5941 7.08446 8.31823 14.3656 11.4916 23.2424 21.6625 13.6716 24.864 14.1014 25.051 30.6441 30.498 29.1336 26.1349 21.3123 23.917 25.3854 24.4199 13.962 16.3714 14.9686 17.5163 21.6841 24.0238 23.3573 23.4777 16.171 9.91467 14.6779 32.0328 13.65 28.5917 11.3708 13.9432 11.2963 21.6641
1.2516 0.624381 0 0.611485 3.23427 2.7345 26.6649 29.9796 32.0905 30.6984 24.0175 25.6519 25.8583 29.2241 18.8671 18.7609 17.6733 18.0039 11.8654 12.9624 12.8417 11.5391 8.55675 9.02845 5.69382 7.43756 14.0375 11.4701 23.7796 24.0144 15.7624 27.3884 13.2533 22.0597 30.5083 26.8507 30.2617 26.8057 21.855 21.1981 24.5012 25.0535 14.4312 14.1607 13.8456 17.1883 22.7955 22.4088 26.1834 23.6412 15.0653 9.63929 13.7814 28.9053 14.4006 27.606 10.7243 13.7175 11.4713 23.1196
1.92018 1.36257 0.611485 0 3.87268 2.49668 28.4001 27.1915 30.2305 33.3508 25.0274 28.635 28.1596 27.7529 17.9288 18.0166 17.5084 20.0202 13.1931 13.069 13.9965 12.366 9.12269 8.52598 5.93497 7.31608 15.3113 11.2825 23.9713 24.3068 13.5692 23.901 12.2389 22.2257 32.6136 28.3907 29.8274 28.5207 20.2801 23.1078 22.2868 21.6743 13.4907 15.0102 13.3354 16.3697 26.3268 25.1042 25.8715 24.1969 16.5742 8.38883 14.6697 30.7935 15.8383 29.2271 10.5699 13.4314 13.6247 23.4447
2.73047 3.18671 3.23427 3.87268 0 4.68866 26.3295 26.5727 31.6573 30.6725 28.0246 26.5628 29.0378 28.7208 15.8608 14.4784 14.547 15.3329 9.23728 9.20981 11.0106 11.4889 7.93539 9.452 6.01849 8.07702 9.80517 8.82873 23.264 23.2378 13.7023 28.7531 15.2772 27.2363 25.8071 22.9072 27.2719 24.8574 23.0093 26.5152 27.7005 26.464 19.4465 18.2072 17.2423 17.9944 22.1427 25.6392 27.4327 24.2235 12.3626 9.10113 14.6932 35.229 18.377 29.3977 13.6096 17.2674 9.27166 24.0234
4.00858 3.24601 2.7345 2.49668 4.68866 0 29.7825 29.6756 33.8558 30.6485 27.1821 30.7599 28.6679 30.7909 18.1597 18.3865 22.0251 19.8131 14.8183 13.6884 16.1413 14.2113 6.25035 6.73121 3.43583 4.30572 15.7284 11.9729 21.1666 20.9936 11.8176 27.6706 9.20107 25.6352 31.5669 28.3922 31.353 31.0511 22.1417 22.6261 25.9421 27.31 14.7656 16.1881 14.9747 16.3991 29.3953 23.8782 25.4454 24.6847 14.3572 6.59117 11.5265 33.379 16.4803 28.8323 9.2811 17.0165 12.4127 19.6669
26.4851 25.0771 26.6649 28.4001 26.3295 29.7825 0 1.18585 2.5861 3.66115 5.5096 5.58301 5.48358 6.80418 23.5581 21.6309 20.1757 22.0906 26.2113 21.0749 20.1194 21.9616 33.657 35.8274 34.8698 36.5803 35.2232 36.2798 50.8205 47.7569 42.193 25.6496 34.7356 7.75373 43.2226 41.3141 44.0801 43.6825 14.0786 14.9556 14.2516 14.8818 25.0955 26.3555 25.2577 29.1636 3.79717 4.32108 2.9431 3.30556 36.0357 32.9006 41.1914 29.4566 25.61 12.1638 34.2614 21.2319 33.5919 50.6572
28.6667 28.083 29.9796 27.1915 26.5727 29.6756 1.18585 0 1.39646 2.58514 6.08036 5.65022 5.30594 6.00064 23.8069 24.5098 22.9745 20.8397 23.7033 23.3569 21.5774 23.7467 33.6485 39.4338 32.6048 35.7343 36.3328 33.2717 45.853 56.9498 46.8293 29.96 37.2307 7.74267 46.0315 44.687 39.3766 44.8265 13.8742 13.9728 13.3539 15.2851 26.0738 26.4718 26.7292 29.2374 5.307 5.74627 4.39564 4.10665 43.4872 39.2403 45.1343 28.822 22.7459 14.2535 36.3272 25.5076 29.3762 52.0805
26.1511 31.6415 32.0905 30.2305 31.6573 33.8558 2.5861 1.39646 0 1.32427 6.47873 5.3497 5.42459 5.54526 24.1033 26.6736 26.0138 22.3994 24.2964 24.3215 25.9695 22.7952 41.2723 42.8558 33.8163 33.4072 31.9267 36.9288 46.9534 54.2953 44.4657 25.6557 39.1303 8.67642 43.9542 43.7949 38.868 44.6365 12.6266 14.872 12.4933 13.2096 30.1585 27.3258 26.183 29.9389 7.04054 6.72688 5.8481 5.25653 41.6602 41.9002 44.8021 31.0517 25.7354 15.3837 33.1197 22.284 34.0729 51.6786
30.6543 27.3631 30.6984 33.3508 30.6725 30.6485 3.66115 2.58514 1.32427 0 7.16898 5.49004 5.11701 5.37537 26.2526 29.0529 23.7426 25.081 29.4195 29.1832 25.2018 25.2503 37.1565 41.1718 34.8851 37.0623 38.1087 35.2257 56.1828 55.9985 42.9437 29.1979 41.1197 8.55291 46.1967 47.3498 41.7763 47.9415 14.3181 14.1603 13.439 13.7832 29.2618 30.1463 26.1797 27.6439 8.3821 7.88096 6.59115 6.37127 44.6014 37.1572 45.1909 28.7461 27.5966 14.4559 40.5733 23.908 32.8311 52.151
24.4448 23.2269 24.0175 25.0274 28.0246 27.1821 5.5096 6.08036 6.47873 7.16898 0 1.34468 2.57827 3.72471 27.4932 22.2267 21.6512 20.2418 26.6026 21.6663 22.7509 19.9624 34.258 36.0134 31.061 30.8378 29.4792 32.6669 47.6683 49.1756 41.1982 22.5996 32.9483 2.8879 46.6326 40.7442 41.5889 39.6495 7.07206 8.92148 7.28128 8.68824 20.9882 23.6228 22.633 21.6982 7.02414 5.92285 6.97953 5.80115 35.9546 33.4913 41.2529 23.2587 20.3922 17.5777 29.8807 19.2919 30.9575 45.9194
27.6265 28.2063 25.6519 28.635 26.5628 30.7599 5.58301 5.65022 5.3497 5.49004 1.34468 0 1.20492 2.34146 27.8952 25.5478 26.24 22.7386 25.4971 25.6986 23.3549 22.084 31.0622 32.3853 34.4731 36.0009 31.5362 32.5368 49.7792 52.7166 41.6177 19.9828 32.3459 3.02415 42.9079 45.7564 42.5015 39.601 8.57311 8.06711 7.63643 8.15628 23.2696 24.9095 20.4695 23.8192 7.98643 7.2105 6.7547 6.86815 44.0391 36.511 37.8481 26.3236 21.4329 18.1585 30.5815 18.4528 34.503 49.8471
26.1237 25.9918 25.8583 28.1596 29.0378 28.6679 5.48358 5.30594 5.42459 5.11701 2.57827 1.20492 0 1.24309 25.6856 25.3529 26.7221 26.0999 28.0606 26.5945 23.9996 22.9933 38.3263 37.6343 33.2911 35.0377 34.7786 35.4549 49.6205 54.8114 42.668 21.4646 37.5082 3.75144 41.6914 48.9623 42.5869 45.9231 8.58796 9.67113 7.78676 8.10287 24.884 26.5392 22.8238 23.8266 8.56762 8.15394 7.63221 7.18505 41.035 36.7852 38.9394 25.7782 21.2759 17.3693 29.8751 20.8585 31.8718 49.7937
25.736 30.8635 29.2241 27.7529 28.7208 30.7909 6.80418 6.00064 5.54526 5.37537 3.72471 2.34146 1.24309 0 31.5723 27.3776 28.0105 24.2834 27.9044 24.6752 25.0823 23.0229 36.2791 41.1929 36.5266 35.4327 39.336 35.2349 46.6692 53.2373 41.6675 22.3569 38.8678 4.52665 47.886 46.1641 46.5695 42.5067 7.98196 8.76336 8.72978 9.57974 24.0995 23.3928 25.8752 23.1612 9.96167 9.02797 8.70268 9.14558 43.1139 38.5227 42.6739 27.078 22.3281 20.1857 32.9475 19.9887 33.2757 49.0175
17.1978 16.4879 18.8671 17.9288 15.8608 18.1597 23.5581 23.8069 24.1033 26.2526 27.4932 27.8952 25.6856 31.5723 0 1.34016 2.62523 3.59739 5.52117 6.05601 5.69044 6.18889 23.3325 21.7805 22.594 22.4 11.8624 14.2836 35.856 37.296 25.8684 40.3512 27.0833 26.4097 18.2039 16.8765 16.6228 14.6507 26.7295 27.1795 30.1522 29.6998 29.2295 29.6061 30.6073 33.2964 19.4586 20.292 21.2721 22.4602 21.3108 21.1051 25.7335 41.4936 28.0908 17.5095 26.1299 27.1555 10.6572 38.0042
16.1813 15.8126 18.7609 18.0166 14.4784 18.3865 21.6309 24.5098 26.6736 29.0529 22.2267 25.5478 25.3529 27.3776 1.34016 0 1.38203 2.79097 5.85946 4.9367 5.41989 5.49058 21.6535 24.0577 20.5247 24.7479 12.5854 13.6315 34.8554 34.8173 24.9873 35.9899 29.3345 26.1786 18.8668 18.4145 15.7292 17.7982 29.0521 28.6098 29.3003 28.2819 27.7789 32.3683 29.7151 29.1005 18.922 20.1384 20.1239 19.1243 20.239 21.4495 29.8019 44.6839 29.1682 14.4524 27.1738 26.2176 9.92628 37.3041
18.0064 18.5301 17.6733 17.5084 14.547 22.0251 20.1757 22.9745 26.0138 23.7426 21.6512 26.24 26.7221 28.0105 2.62523 1.38203 0 1.31911 6.25012 5.45183 5.48093 5.32404 22.1945 23.7946 21.6361 22.3337 12.1977 15.3679 36.8353 40.1841 28.8574 39.1621 32.9546 24.9804 18.3418 19.4507 18.1681 17.7974 28.6067 24.8561 26.9394 30.0624 29.2372 31.2782 31.8405 29.4388 16.9172 18.8763 17.5708 19.7817 22.4851 23.4728 30.09 40.6381 25.0224 16.0925 26.8928 24.6172 12.5989 36.1825
17.9568 16.97 18.0039 20.0202 15.3329 19.8131 22.0906 20.8397 22.3994 25.081 20.2418 22.7386 26.0999 24.2834 3.59739 2.79097 1.31911 0 7.1887 5.47906 5.29673 5.30622 22.9562 23.4422 20.4754 22.6489 15.246 16.5701 35.6938 37.2235 27.2073 33.8237 31.3399 22.4507 21.5205 21.8791 19.4444 18.2479 23.9615 27.7896 25.42 27.3563 25.6466 30.8103 28.147 26.9315 16.9876 17.8041 17.7056 16.255 22.8802 24.105 30.6802 39.4914 27.7777 13.6908 28.5266 27.504 13.0705 39.8644
11.058 11.3972 11.8654 13.1931 9.23728 14.8183 26.2113 23.7033 24.2964 29.4195 26.6026 25.4971 28.0606 27.9044 5.52117 5.85946 6.25012 7.1887 0 1.37154 2.47457 3.83724 16.0074 17.4846 14.2051 16.8213 8.32877 10.4683 31.2555 33.5974 24.1155 35.2569 22.2988 24.704 18.2904 17.8852 20.5661 18.1011 27.1877 24.9469 24.8403 28.8655 25.508 26.8933 27.4659 25.9259 18.2363 20.9364 21.3778 19.8762 15.4168 17.6242 22.9208 42.4441 25.3451 18.3805 21.7961 23.4525 6.88787 35.1625
9.96147 11.517 12.9624 13.069 9.20981 13.6884 21.0749 23.3569 24.3215 29.1832 21.6663 25.6986 26.5945 24.6752 6.05601 4.9367 5.45183 5.47906 1.37154 0 1.27336 2.33553 15.8603 20.717 16.1736 17.1975 9.95932 11.8082 32.5855 34.5527 24.4515 34.2177 22.4677 25.3144 21.0333 18.951 21.689 18.3634 24.0316 26.1685 24.8707 28.0116 21.89 26.1503 23.4076 23.3294 19.6871 19.2613 19.8197 18.9235 18.9023 17.3628 25.9998 36.7589 24.0846 18.5982 24.0782 21.2376 7.50971 32.8196
10.325 11.7663 12.8417 13.9965 11.0106 16.1413 20.1194 21.5774 25.9695 25.2018 22.7509 23.3549 23.9996 25.0823 5.69044 5.41989 5.48093 5.29673 2.47457 1.27336 0 1.32487 16.0973 19.0351 16.8228 19.0379 11.6266 12.7575 33.2143 31.586 24.91 34.0545 25.9731 21.4079 21.2349 21.0522 21.2241 20.1968 23.7441 23.7132 25.3133 23.014 22.7124 26.3774 25.2214 25.3942 18.8842 17.6689 18.5006 19.0466 18.0236 18.4666 24.981 40.6797 22.5871 17.4839 25.5408 21.6521 8.55133 34.5147
12.2968 12.292 11.5391 12.366 11.4889 14.2113 21.9616 23.7467 22.7952 25.2503 19.9624 22.084 22.9933 23.0229 6.18889 5.49058 5.32404 5.30622 3.83724 2.33553 1.32487 0 17.8759 21.8248 17.5708 20.5264 12.6075 13.3642 34.1884 33.5917 22.248 28.9847 26.8891 21.4317 22.8592 22.7215 24.1179 21.1722 23.2624 23.4907 20.8466 25.8413 23.843 25.341 22.7698 23.5633 16.54 16.0281 16.1786 18.2823 21.824 19.4443 23.0454 36.2049 20.9963 16.9193 22.1189 22.2337 10.7553 36.1151
9.8151 8.28089 8.55675 9.12269 7.93539 6.25035 33.657 33.6485 41.2723 37.1565 34.258 31.0622 38.3263 36.2791 23.3325 21.6535 22.1945 22.9562 16.0074 15.8603 16.0973 17.8759 0 2.35351 2.74491 3.66356 13.5519 9.73809 14.8258 16.2473 6.50301 33.6764 11.2653 33.5018 28.1304 26.0415 28.976 25.2512 27.7288 32.6205 34.1648 34.502 18.4189 22.4039 19.8865 21.5567 30.4848 32.7137 33.2961 34.0546 10.5442 1.46453 6.64933 35.4075 19.8243 35.9022 10.5475 23.2757 12.7413 16.6655
10.0098 10.5941 9.02845 8.52598 9.452 6.73121 35.8274 39.4338 42.8558 41.1718 36.0134 32.3853 37.6343 41.1929 21.7805 24.0577 23.7946 23.4422 17.4846 20.717 19.0351 21.8248 2.35351 0 3.89414 2.34404 14.7236 12.1415 12.1606 13.4263 5.32958 31.4317 9.85378 33.3347 29.699 29.6106 32.7389 29.6022 29.1803 33.5921 32.4858 31.0231 19.525 19.3067 18.4041 19.4033 33.8213 35.8679 34.7093 32.074 12.4806 1.06412 4.88155 37.2992 22.7724 39.1611 9.29038 22.072 13.8755 13.2684
6.72362 7.08446 5.69382 5.93497 6.01849 3.43583 34.8698 32.6048 33.8163 34.8851 31.061 34.4731 33.2911 36.5266 22.594 20.5247 21.6361 20.4754 14.2051 16.1736 16.8228 17.5708 2.74491 3.89414 0 2.40009 13.0255 10.867 16.8275 16.8213 9.06238 31.0596 10.4934 29.8187 29.1422 27.9862 28.285 28.4397 30.594 28.7185 31.0289 30.2636 18.5427 16.4663 17.1927 17.3119 27.5985 28.3135 28.0241 31.8551 11.0646 2.66383 8.11635 32.8602 18.9937 32.7594 9.03633 20.0277 11.9984 16.2082
7.71731 8.31823 7.43756 7.31608 8.07702 4.30572 36.5803 35.7343 33.4072 37.0623 30.8378 36.0009 35.0377 35.4327 22.4 24.7479 22.3337 22.6489 16.8213 17.1975 19.0379 20.5264 3.66356 2.34404 2.40009 0 16.4108 12.5055 14.3891 14.5972 8.37084 30.3831 7.23899 28.7628 31.8199 30.1257 33.1007 29.3215 26.6928 27.5039 30.187 28.8794 16.1873 16.4 19.1024 18.0525 32.8802 30.3265 29.232 29.3462 13.8198 2.57192 7.47894 32.1867 19.8757 38.3916 8.36673 18.4271 15.8116 16.4149
12.4979 14.3656 14.0375 15.3113 9.80517 15.7284 35.2232 36.3328 31.9267 38.1087 29.4792 31.5362 34.7786 39.336 11.8624 12.5854 12.1977 15.246 8.32877 9.95932 11.6266 12.6075 13.5519 14.7236 13.0255 16.4108 0 2.54012 21.458 25.5089 16.18 36.056 23.664 34.0749 14.2808 15.5751 13.762 13.8145 33.7446 30.0405 33.0319 35.8839 26.7322 31.1814 27.2104 31.1922 26.6047 29.1767 30.4795 27.3272 8.67892 13.9027 18.8897 43.7796 25.5632 27.5121 24.2607 30.4289 1.7241 27.1916
10.4039 11.4916 11.4701 11.2825 8.82873 11.9729 36.2798 33.2717 36.9288 35.2257 32.6669 32.5368 35.4549 35.2349 14.2836 13.6315 15.3679 16.5701 10.4683 11.8082 12.7575 13.3642 9.73809 12.1415 10.867 12.5055 2.54012 0 19.3375 22.9789 14.165 41.436 19.3391 35.7575 16.5492 17.7946 18.4337 16.8168 29.5564 35.1645 34.328 36.2783 27.212 29.4358 25.1074 29.1531 29.501 28.2949 28.5443 31.3089 7.4004 12.3888 17.0432 46.756 26.9581 31.7863 22.301 28.6542 2.92907 24.4405
22.7304 23.2424 23.7796 23.9713 23.264 21.1666 50.8205 45.853 46.9534 56.1828 47.6683 49.7792 49.6205 46.6692 35.856 34.8554 36.8353 35.6938 31.2555 32.5855 33.2143 34.1884 14.8258 12.1606 16.8275 14.3891 21.458 19.3375 0 2.77187 8.22025 43.3209 16.1129 43.9764 33.2775 36.7217 34.7964 33.4817 43.6517 46.7111 46.773 42.2377 27.6408 28.4795 33.8399 33.1638 44.9234 48.9824 45.8271 46.7813 15.6238 13.3975 8.49213 41.8727 29.3222 44.8095 20.1121 34.2879 25.8195 6.7158
22.7958 21.6625 24.0144 24.3068 23.2378 20.9936 47.7569 56.9498 54.2953 55.9985 49.1756 52.7166 54.8114 53.2373 37.296 34.8173 40.1841 37.2235 33.5974 34.5527 31.586 33.5917 16.2473 13.4263 16.8213 14.5972 25.5089 22.9789 2.77187 0 10.3811 42.0845 17.9841 46.1093 37.527 37.3848 33.8479 34.7103 48.3001 46.4534 44.4136 41.6556 29.936 31.6552 29.612 28.5355 51.2059 44.4074 46.9238 48.2518 18.6702 15.6009 9.43309 43.5476 30.3969 49.2669 20.5303 34.4205 27.3571 4.66298
14.7944 13.6716 15.7624 13.5692 13.7023 11.8176 42.193 46.8293 44.4657 42.9437 41.1982 41.6177 42.668 41.6675 25.8684 24.9873 28.8574 27.2073 24.1155 24.4515 24.91 22.248 6.50301 5.32958 9.06238 8.37084 16.18 14.165 8.22025 10.3811 0 38.1756 12.9282 38.1507 28.8432 31.2846 28.9491 28.6203 36.3275 33.946 40.1115 36.7339 23.9236 25.7869 25.6486 23.104 40.1394 39.3984 39.0881 35.9657 10.1023 6.19949 3.04469 39.2482 28.3385 40.2741 14.6792 29.7383 16.8214 9.68022
23.9773 24.864 27.3884 23.901 28.7531 27.6706 25.6496 29.96 25.6557 29.1979 22.5996 19.9828 21.4646 22.3569 40.3512 35.9899 39.1621 33.8237 35.2569 34.2177 34.0545 28.9847 33.6764 31.4317 31.0596 30.3831 36.056 41.436 43.3209 42.0845 38.1756 0 21.8291 17.5433 55.9338 50.7533 49.3206 51.0959 15.1698 14.7246 13.0313 14.7351 13.1279 12.3709 11.1983 10.761 27.1786 26.636 26.8058 24.7523 40.3885 34.1964 31.9353 4.97638 10.1758 36.6031 20.6843 11.2005 40.3851 35.1598
13.789 14.1014 13.2533 12.2389 15.2772 9.20107 34.7356 37.2307 39.1303 41.1197 32.9483 32.3459 37.5082 38.8678 27.0833 29.3345 32.9546 31.3399 22.2988 22.4677 25.9731 26.8891 11.2653 9.85378 10.4934 7.23899 23.664 19.3391 16.1129 17.9841 12.9282 21.8291 0 33.2201 42.6995 40.0737 41.2152 38.5426 29.8096 26.7012 29.5959 28.1315 13.2515 13.6018 14.6251 12.567 36.1123 31.3815 34.2987 33.2109 22.1349 9.49513 11.1166 27.0313 16.2758 36.7859 1.99918 16.1728 25.0208 13.89
24.0886 25.051 22.0597 22.2257 27.2363 25.6352 7.75373 7.74267 8.67642 8.55291 2.8879 3.02415 3.75144 4.52665 26.4097 26.1786 24.9804 22.4507 24.704 25.3144 21.4079 21.4317 33.5018 33.3347 29.8187 28.7628 34.0749 35.7575 43.9764 46.1093 38.1507 17.5433 33.2201 0 43.3213 47.1346 45.1279 39.8127 5.2459 5.88449 4.42888 5.87963 20.7921 20.506 17.5874 20.4878 8.8967 9.54843 9.91585 7.96176 40.8473 32.6889 36.674 23.3464 18.6673 18.3595 27.1431 16.5675 31.6965 47.5579
25.7283 30.6441 30.5083 32.6136 25.8071 31.5669 43.2226 46.0315 43.9542 46.1967 46.6326 42.9079 41.6914 47.886 18.2039 18.8668 18.3418 21.5205 18.2904 21.0333 21.2349 22.8592 28.1304 29.699 29.1422 31.8199 14.2808 16.5492 33.2775 37.527 28.8432 55.9338 42.6995 43.3213 0 1.02251 0.947572 1.31664 42.855 44.7687 45.4505 44.559 39.2798 42.9702 41.6385 40.9176 34.1421 37.5992 41.2709 41.8654 21.0049 31.6777 32.3082 61.3871 43.5564 33.9884 37.8274 45.7295 15.1316 37.7715
27.6959 30.498 26.8507 28.3907 22.9072 28.3922 41.3141 44.687 43.7949 47.3498 40.7442 45.7564 48.9623 46.1641 16.8765 18.4145 19.4507 21.8791 17.8852 18.951 21.0522 22.7215 26.0415 29.6106 27.9862 30.1257 15.5751 17.7946 36.7217 37.3848 31.2846 50.7533 40.0737 47.1346 1.02251 0 1.47858 1.06718 42.6088 43.4022 47.9134 44.1248 45.6788 44.4826 45.2891 46.5256 37.4578 39.3998 38.9738 38.9247 19.3221 30.0835 34.4436 63.6247 39.2582 29.9157 35.0004 44.594 15.767 42.1837
27.4448 29.1336 30.2617 29.8274 27.2719 31.353 44.0801 39.3766 38.868 41.7763 41.5889 42.5015 42.5869 46.5695 16.6228 15.7292 18.1681 19.4444 20.5661 21.689 21.2241 24.1179 28.976 32.7389 28.285 33.1007 13.762 18.4337 34.7964 33.8479 28.9491 49.3206 41.2152 45.1279 0.947572 1.47858 0 1.0543 44.5927 44.2509 41.595 45.0601 43.4987 39.8564 45.4351 43.8913 35.2018 33.6854 38.6502 34.7356 18.0194 27.1452 32.4509 52.5876 43.9267 32.6095 39.2145 39.597 16.8739 38.8121
28.88 26.1349 26.8057 28.5207 24.8574 31.0511 43.6825 44.8265 44.6365 47.9415 39.6495 39.601 45.9231 42.5067 14.6507 17.7982 17.7974 18.2479 18.1011 18.3634 20.1968 21.1722 25.2512 29.6022 28.4397 29.3215 13.8145 16.8168 33.4817 34.7103 28.6203 51.0959 38.5426 39.8127 1.31664 1.06718 1.0543 0 45.5186 40.3632 41.3528 40.5835 41.8736 41.2238 42.0826 42.0843 38.8031 34.6249 37.6062 37.3545 19.392 27.3886 31.8756 60.7911 41.5601 30.9863 35.7112 44.4714 15.2545 40.4653
23.0599 21.3123 21.855 20.2801 23.0093 22.1417 14.0786 13.8742 12.6266 14.3181 7.07206 8.57311 8.58796 7.98196 26.7295 29.0521 28.6067 23.9615 27.1877 24.0316 23.7441 23.2624 27.7288 29.1803 30.594 26.6928 33.7446 29.5564 43.6517 48.3001 36.3275 15.1698 29.8096 5.2459 42.855 42.6088 44.5927 45.5186 0 0.920946 0.912656 1.52628 15.0753 15.4549 16.4561 15.6 14.2627 12.5425 12.803 13.4864 39.1127 29.9581 36.1192 18.9688 11.9044 24.4501 25.4493 11.2619 29.0785 40.7605
20.7429 23.917 21.1981 23.1078 26.5152 22.6261 14.9556 13.9728 14.872 14.1603 8.92148 8.06711 9.67113 8.76336 27.1795 28.6098 24.8561 27.7896 24.9469 26.1685 23.7132 23.4907 32.6205 33.5921 28.7185 27.5039 30.0405 35.1645 46.7111 46.4534 33.946 14.7246 26.7012 5.88449 44.7687 43.4022 44.2509 40.3632 0.920946 0 1.49292 0.999663 16.0947 16.5537 13.276 15.7613 15.6726 13.1022 14.4481 13.3091 38.6173 27.7035 37.8536 18.5544 11.7499 25.1833 24.675 10.2947 30.8432 40.0107
23.4613 25.3854 24.5012 22.2868 27.7005 25.9421 14.2516 13.3539 12.4933 13.439 7.28128 7.63643 7.78676 8.72978 30.1522 29.3003 26.9394 25.42 24.8403 24.8707 25.3133 20.8466 34.1648 32.4858 31.0289 30.187 33.0319 34.328 46.773 44.4136 40.1115 13.0313 29.5959 4.42888 45.4505 47.9134 41.595 41.3528 0.912656 1.49292 0 1.0129 16.4678 18.0131 16.3307 16.1557 13.6634 14.3232 12.8423 12.6463 38.0488 33.503 32.9502 19.3187 12.4696 24.725 26.2837 13.2376 31.5985 41.5593
21.827 24.4199 25.0535 21.6743 26.464 27.31 14.8818 15.2851 13.2096 13.7832 8.68824 8.15628 8.10287 9.57974 29.6998 28.2819 30.0624 27.3563 28.8655 28.0116 23.014 25.8413 34.502 31.0231 30.2636 28.8794 35.8839 36.2783 42.2377 41.6556 36.7339 14.7351 28.1315 5.87963 44.559 44.1248 45.0601 40.5835 1.52628 0.999663 1.0129 0 15.8263 17.3918 14.5166 17.1369 16.4922 13.3384 14.2359 14.3914 35.5333 34.4402 35.7361 16.6741 12.3421 26.2064 27.9919 12.1955 34.2925 41.6407
15.8437 13.962 14.4312 13.4907 19.4465 14.7656 25.0955 26.0738 30.1585 29.2618 20.9882 23.2696 24.884 24.0995 29.2295 27.7789 29.2372 25.6466 25.508 21.89 22.7124 23.843 18.4189 19.525 18.5427 16.1873 26.7322 27.212 27.6408 29.936 23.9236 13.1279 13.2515 20.7921 39.2798 45.6788 43.4987 41.8736 15.0753 16.0947 16.4678 15.8263 0 1.06514 0.911012 1.48802 27.3717 26.4111 26.1273 24.7992 31.9678 19.4582 22.5803 15.1928 3.01473 33.1364 10.3449 3.95243 26.3166 25.571
17.4855 16.3714 14.1607 15.0102 18.2072 16.1881 26.3555 26.4718 27.3258 30.1463 23.6228 24.9095 26.5392 23.3928 29.6061 32.3683 31.2782 30.8103 26.8933 26.1503 26.3774 25.341 22.4039 19.3067 16.4663 16.4 31.1814 29.4358 28.4795 31.6552 25.7869 12.3709 13.6018 20.506 42.9702 44.4826 39.8564 41.2238 15.4549 16.5537 18.0131 17.3918 1.06514 0 1.5056 0.976093 24.0819 28.1937 25.616 27.9514 29.8961 20.8294 23.7249 16.0287 3.92884 37.7304 10.8969 4.71363 26.4791 24.8347
16.0352 14.9686 13.8456 13.3354 17.2423 14.9747 25.2577 26.7292 26.183 26.1797 22.633 20.4695 22.8238 25.8752 30.6073 29.7151 31.8405 28.147 27.4659 23.4076 25.2214 22.7698 19.8865 18.4041 17.1927 19.1024 27.2104 25.1074 33.8399 29.612 25.6486 11.1983 14.6251 17.5874 41.6385 45.2891 45.4351 42.0826 16.4561 13.276 16.3307 14.5166 0.911012 1.5056 0 1.04327 26.9941 24.3294 25.6536 22.9394 32.0453 20.7781 22.1589 15.7181 2.24096 36.2226 12.5348 3.68246 29.2559 29.6032
16.302 17.5163 17.1883 16.3697 17.9944 16.3991 29.1636 29.2374 29.9389 27.6439 21.6982 23.8192 23.8266 23.1612 33.2964 29.1005 29.4388 26.9315 25.9259 23.3294 25.3942 23.5633 21.5567 19.4033 17.3119 18.0525 31.1922 29.1531 33.1638 28.5355 23.104 10.761 12.567 20.4878 40.9176 46.5256 43.8913 42.0843 15.6 15.7613 16.1557 17.1369 1.48802 0.976093 1.04327 0 27.9766 25.9564 29.2522 24.4363 33.7522 22.3967 24.2328 15.6696 3.23536 32.628 13.0381 4.22419 26.7829 28.9186
21.9244 21.6841 22.7955 26.3268 22.1427 29.3953 3.79717 5.307 7.04054 8.3821 7.02414 7.98643 8.56762 9.96167 19.4586 18.922 16.9172 16.9876 18.2363 19.6871 18.8842 16.54 30.4848 33.8213 27.5985 32.8802 26.6047 29.501 44.9234 51.2059 40.1394 27.1786 36.1123 8.8967 34.1421 37.4578 35.2018 38.8031 14.2627 15.6726 13.6634 16.4922 27.3717 24.0819 26.9941 27.9766 0 0.965701 1.07916 1.52317 33.919 34.6721 35.5235 34.7946 21.8158 11.3269 30.1793 22.7055 26.3472 44.5625
21.8251 24.0238 22.4088 25.1042 25.6392 23.8782 4.32108 5.74627 6.72688 7.88096 5.92285 7.2105 8.15394 9.02797 20.292 20.1384 18.8763 17.8041 20.9364 19.2613 17.6689 16.0281 32.7137 35.8679 28.3135 30.3265 29.1767 28.2949 48.9824 44.4074 39.3984 26.636 31.3815 9.54843 37.5992 39.3998 33.6854 34.6249 12.5425 13.1022 14.3232 13.3384 26.4111 28.1937 24.3294 25.9564 0.965701 0 1.31275 1.05065 32.9793 31.7326 37.4662 34.0748 20.889 11.8048 32.6299 21.3123 27.5147 49.4559
22.5447 23.3573 26.1834 25.8715 27.4327 25.4454 2.9431 4.39564 5.8481 6.59115 6.97953 6.7547 7.63221 8.70268 21.2721 20.1239 17.5708 17.7056 21.3778 19.8197 18.5006 16.1786 33.2961 34.7093 28.0241 29.232 30.4795 28.5443 45.8271 46.9238 39.0881 26.8058 34.2987 9.91585 41.2709 38.9738 38.6502 37.6062 12.803 14.4481 12.8423 14.2359 26.1273 25.616 25.6536 29.2522 1.07916 1.31275 0 0.990735 40.0822 31.7391 37.1361 33.5133 25.5529 11.2543 30.9552 23.6566 28.2951 46.8012
23.4385 23.4777 23.6412 24.1969 24.2235 24.6847 3.30556 4.10665 5.25653 6.37127 5.80115 6.86815 7.18505 9.14558 22.4602 19.1243 19.7817 16.255 19.8762 18.9235 19.0466 18.2823 34.0546 32.074 31.8551 29.3462 27.3272 31.3089 46.7813 48.2518 35.9657 24.7523 33.2109 7.96176 41.8654 38.9247 34.7356 37.3545 13.4864 13.3091 12.6463 14.3914 24.7992 27.9514 22.9394 24.4363 1.52317 1.05065 0.990735 0 35.5875 31.108 37.5358 32.7046 23.5337 11.2837 33.2386 21.2331 29.6087 44.0971
16.9482 16.171 15.0653 16.5742 12.3626 14.3572 36.0357 43.4872 41.6602 44.6014 35.9546 44.0391 41.035 43.1139 21.3108 20.239 22.4851 22.8802 15.4168 18.9023 18.0236 21.824 10.5442 12.4806 11.0646 13.8198 8.67892 7.4004 15.6238 18.6702 10.1023 40.3885 22.1349 40.8473 21.0049 19.3221 18.0194 19.392 39.1127 38.6173 38.0488 35.5333 31.9678 29.8961 32.0453 33.7522 33.919 32.9793 40.0822 35.5875 0 11.8078 12.7302 43.6907 29.8639 36.7337 21.9221 33.6522 10.764 20.6008
9.43234 9.91467 9.63929 8.38883 9.10113 6.59117 32.9006 39.2403 41.9002 37.1572 33.4913 36.511 36.7852 38.5227 21.1051 21.4495 23.4728 24.105 17.6242 17.3628 18.4666 19.4443 1.46453 1.06412 2.66383 2.57192 13.9027 12.3888 13.3975 15.6009 6.19949 34.1964 9.49513 32.6889 31.6777 30.0835 27.1452 27.3886 29.9581 27.7035 33.503 34.4402 19.4582 20.8294 20.7781 22.3967 34.6721 31.7326 31.7391 31.108 11.8078 0 5.8289 37.7236 19.905 35.7737 10.9517 21.1344 12.9387 15.3446
13.974 14.6779 13.7814 14.6697 14.6932 11.5265 41.1914 45.1343 44.8021 45.1909 41.2529 37.8481 38.9394 42.6739 25.7335 29.8019 30.09 30.6802 22.9208 25.9998 24.981 23.0454 6.64933 4.88155 8.11635 7.47894 18.8897 17.0432 8.49213 9.43309 3.04469 31.9353 11.1166 36.674 32.3082 34.4436 32.4509 31.8756 36.1192 37.8536 32.9502 35.7361 22.5803 23.7249 22.1589 24.2328 35.5235 37.4662 37.1361 37.5358 12.7302 5.8289 0 40.3705 23.8123 44.812 11.6392 25.8385 19.663 8.24757
28.4745 32.0328 28.9053 30.7935 35.229 33.379 29.4566 28.822 31.0517 28.7461 23.2587 26.3236 25.7782 27.078 41.4936 44.6839 40.6381 39.4914 42.4441 36.7589 40.6797 36.2049 35.4075 37.2992 32.8602 32.1867 43.7796 46.756 41.8727 43.5476 39.2482 4.97638 27.0313 23.3464 61.3871 63.6247 52.5876 60.7911 18.9688 18.5544 19.3187 16.6741 15.1928 16.0287 15.7181 15.6696 34.7946 34.0748 33.5133 32.7046 43.6907 37.7236 40.3705 0 16.7526 41.9614 25.0515 15.422 38.4002 43.9501
14.9257 13.65 14.4006 15.8383 18.377 16.4803 25.61 22.7459 25.7354 27.5966 20.3922 21.4329 21.2759 22.3281 28.0908 29.1682 25.0224 27.7777 25.3451 24.0846 22.5871 20.9963 19.8243 22.7724 18.9937 19.8757 25.5632 26.9581 29.3222 30.3969 28.3385 10.1758 16.2758 18.6673 43.5564 39.2582 43.9267 41.5601 11.9044 11.7499 12.4696 12.3421 3.01473 3.92884 2.24096 3.23536 21.8158 20.889 25.5529 23.5337 29.8639 19.905 23.8123 16.7526 0 29.9902 13.0352 1.33547 25.9774 29.7489
28.4093 28.5917 27.606 29.2271 29.3977 28.8323 12.1638 14.2535 15.3837 14.4559 17.5777 18.1585 17.3693 20.1857 17.5095 14.4524 16.0925 13.6908 18.3805 18.5982 17.4839 16.9193 35.9022 39.1611 32.7594 38.3916 27.5121 31.7863 44.8095 49.2669 40.2741 36.6031 36.7859 18.3595 33.9884 29.9157 32.6095 30.9863 24.4501 25.1833 24.725 26.2064 33.1364 37.7304 36.2226 32.628 11.3269 11.8048 11.2543 11.2837 36.7337 35.7737 44.812 41.9614 29.9902 0 40.9174 32.79 26.4852 50.6102
11.7868 11.3708 10.7243 10.5699 13.6096 9.2811 34.2614 36.3272 33.1197 40.5733 29.8807 30.5815 29.8751 32.9475 26.1299 27.1738 26.8928 28.5266 21.7961 24.0782 25.5408 22.1189 10.5475 9.29038 9.03633 8.36673 24.2607 22.301 20.1121 20.5303 14.6792 20.6843 1.99918 27.1431 37.8274 35.0004 39.2145 35.7112 25.4493 24.675 26.2837 27.9919 10.3449 10.8969 12.5348 13.0381 30.1793 32.6299 30.9552 33.2386 21.9221 10.9517 11.6392 25.0515 13.0352 40.9174 0 15.6352 21.7405 16.8892
16.4957 13.9432 13.7175 13.4314 17.2674 17.0165 21.2319 25.5076 22.284 23.908 19.2919 18.4528 20.8585 19.9887 27.1555 26.2176 24.6172 27.504 23.4525 21.2376 21.6521 22.2337 23.2757 22.072 20.0277 18.4271 30.4289 28.6542 34.2879 34.4205 29.7383 11.2005 16.1728 16.5675 45.7295 44.594 39.597 44.4714 11.2619 10.2947 13.2376 12.1955 3.95243 4.71363 3.68246 4.22419 22.7055 21.3123 23.6566 21.2331 33.6522 21.1344 25.8385 15.422 1.33547 32.79 15.6352 0 25.9625 30.9523
10.7834 11.2963 11.4713 13.6247 9.27166 12.4127 33.5919 29.3762 34.0729 32.8311 30.9575 34.503 31.8718 33.2757 10.6572 9.92628 12.5989 13.0705 6.88787 7.50971 8.55133 10.7553 12.7413 13.8755 11.9984 15.8116 1.7241 2.92907 25.8195 27.3571 16.8214 40.3851 25.0208 31.6965 15.1316 15.767 16.8739 15.2545 29.0785 30.8432 31.5985 34.2925 26.3166 26.4791 29.2559 26.7829 26.3472 27.5147 28.2951 29.6087 10.764 12.9387 19.663 38.4002 25.9774 26.4852 21.7405 25.9625 0 29.1862
24.9623 21.6641 23.1196 23.4447 24.0234 19.6669 50.6572 52.0805 51.6786 52.151 45.9194 49.8471 49.7937 49.0175 38.0042 37.3041 36.1825 39.8644 35.1625 32.8196 34.5147 36.1151 16.6655 13.2684 16.2082 16.4149 27.1916 24.4405 6.7158 4.66298 9.68022 35.1598 13.89 47.5579 37.7715 42.1837 38.8121 40.4653 40.7605 40.0107 41.5593 41.6407 25.571 24.8347 29.6032 28.9186 44.5625 49.4559 46.8012 44.0971 20.6008 15.3446 8.24757 43.9501 29.7489 50.6102 16.8892 30.9523 29.1862 0
