5
50
60
0 0.668604 1.32361 1.92487 2.48261 3.74133 24.7543 25.0121 31.236 32.734 25.0098 23.8755 24.7969 25.6575 16.0844 17.0835 15.5641 15.2222 10.4314 11.2764 12.0905 12.1026 9.81057 11.0779 6.70275 8.23799 11.6525 12.2682 23.576 22.3768 16.4986 24.5424 12.4651 23.7665 28.7368 26.7158 27.7055 26.0684 24.1899 20.9871 24.7257 22.7158 14.5106 14.4472 14.9681 16.6887 23.5084 21.0081 22.1528 24.4144 14.5487 8.62981 13.6236 31.9158 14.4998 25.7081 12.2152 15.06 12.4494 21.4356
0.668604 0 0.712019 1.37491 2.99641 3.40211 26.9245 30.0721 27.1579 29.3969 26.6509 26.9125 27.6438 29.7208 16.9335 17.6586 15.4716 15.7505 11.8009 10.6075 11.3487 10.9013 8.61389 9.16869 6.86831 7.6234 14.3526 12.6188 22.0889 24.1421 13.5593 27.1534 12.4785 22.7837 30.705 26.3828 29.0448 24.5706 20.2268 24.4174 25.5043 23.3499 15.3539 16.837 16.0396 17.1759 21.692 22.9701 22.2589 22.196 15.8425 8.29889 14.973 31.0447 15.3278 30.1236 12.6399 15.2046 11.4339 24.1227
1.32361 0.712019 0 0.650076 3.37355 2.77009 26.4205 28.1578 30.4753 29.3994 22.3322 25.616 24.5229 30.5614 17.1897 17.6993 18.5019 17.8203 13.0058 11.3584 12.4481 13.847 8.36512 8.87876 6.48008 7.67774 13.2605 11.226 22.7243 22.7698 14.74 23.6054 11.355 25.2917 27.5589 27.1055 27.3127 26.0518 23.3602 20.1399 24.0023 21.0419 13.8632 13.9855 15.8864 16.9882 22.2504 21.9805 25.9274 22.9155 17.0481 8.45903 13.6847 33.3276 13.8012 28.8569 10.3238 14.3024 11.5429 23.1975
1.92487 1.37491 0.650076 0 3.64308 2.29953 29.1739 30.4055 27.2597 29.4435 26.6289 26.1988 27.9663 27.2449 17.7941 19.1921 17.4602 18.4158 13.8343 12.4778 14.3946 12.4882 8.14518 9.02754 5.81535 7.24329 15.3919 11.7795 23.8419 23.5054 13.7381 24.3972 12.4727 23.0968 27.7334 30.2787 31.5917 26.9617 23.4197 23.6321 23.9472 23.85 13.9071 15.3028 13.8729 16.2582 22.4442 24.458 25.8991 25.1924 16.3079 8.86994 13.5095 32.1226 13.8135 27.492 10.6279 13.4517 12.9458 20.8385
2.48261 2.99641 3.37355 3.64308 0 4.5742 28.5386 30.0483 32.4304 33.9538 26.2102 27.8807 25.8754 29.8422 16.3123 13.6177 14.7479 14.8728 8.68302 10.5857 11.1477 11.717 8.26543 9.83161 6.91792 8.01071 10.1033 9.11294 21.4737 25.6247 15.0749 29.245 16.0958 25.7466 25.7993 25.2999 25.8815 22.4392 23.2455 23.0387 25.6637 26.2164 16.1152 18.847 19.2451 19.5341 24.1686 24.7782 26.1268 25.2337 12.805 9.59158 15.7769 35.5355 16.2075 27.5896 13.9419 16.6244 9.6772 23.1611
3.74133 3.40211 2.77009 2.29953 4.5742 0 28.0347 33.5391 29.7266 30.9912 29.8779 26.1782 31.279 29.2799 20.7387 18.6794 19.2571 21.8585 15.5357 14.888 13.7328 16.5127 6.17274 7.39211 3.86708 4.68316 14.3986 11.771 17.7876 19.6936 12.1002 27.0301 9.3317 26.3387 29.9808 31.6124 28.8685 29.0289 23.3462 24.8141 26.9453 25.6419 13.8012 16.0496 16.3281 17.5136 29.2752 25.6485 26.6973 26.9654 15.4721 6.43655 10.5343 30.7024 16.0163 31.2412 7.99999 17.8843 14.5395 21.0471
24.7543 26.9245 26.4205 29.1739 28.5386 28.0347 0 1.2175 2.33594 3.63726 5.74244 5.20485 6.01819 6.01983 24.373 22.7244 22.3987 20.128 24.5944 20.9597 20.4894 21.9102 34.0665 39.5091 30.0489 37.5909 29.709 30.9506 45.2387 55.5201 40.9092 29.659 33.3101 8.14998 39.9623 42.1623 41.1791 36.6481 12.6044 13.9729 12.6304 13.2373 27.8431 27.6343 27.2953 26.4469 4.18443 3.84503 2.94643 3.43563 38.4109 37.8126 44.8412 29.8313 25.3992 12.8271 34.541 24.2064 27.8682 51.7239
25.0121 30.0721 28.1578 30.4055 30.0483 33.5391 1.2175 0 1.1991 2.76973 5.14468 5.7884 5.77301 6.4633 23.1015 22.3001 24.3472 20.5959 26.2592 23.2402 21.2446 23.6264 33.1936 36.8813 36.737 32.6473 35.5318 36.615 50.8923 48.7806 45.1562 28.4242 35.2509 8.78617 46.1141 45.5494 39.2665 45.0115 11.9588 14.2025 12.6474 14.6686 26.4933 26.0531 25.0814 26.3243 5.94816 5.97918 4.17398 4.5828 44.4043 36.6615 41.0643 33.8392 24.454 12.7894 38.8283 23.6061 32.4654 48.1827
31.236 27.1579 30.4753 27.2597 32.4304 29.7266 2.33594 1.1991 0 1.32389 5.97711 5.64585 5.51131 5.02588 28.1909 26.5852 24.7046 24.9237 24.6797 24.9453 24.7255 21.0711 34.6817 40.2943 34.9976 34.246 35.364 35.7295 51.0903 56.8754 43.8107 25.4228 38.1485 8.99581 43.9264 45.0314 42.6905 44.8802 14.4475 13.8959 12.2605 13.2924 29.6187 31.5107 29.1872 25.6161 7.37456 6.97315 5.8183 5.64132 39.5246 35.2207 47.2806 32.6571 26.2347 13.5594 39.0488 25.7915 32.9259 51.0776
32.734 29.3969 29.3994 29.4435 33.9538 30.9912 3.63726 2.76973 1.32389 0 6.05529 5.484 6.09661 5.64215 29.9829 24.2638 27.3856 25.4451 28.6367 26.567 26.0061 21.7175 40.658 39.6525 40.1348 40.1562 39.4712 38.0608 52.4251 56.2205 43.0591 29.2688 35.4403 9.33584 45.6823 42.9 45.5092 41.4026 12.3414 13.5336 13.2764 15.7677 28.6702 30.242 30.3077 27.8302 7.71873 8.4045 6.48078 7.57318 45.7789 41.3646 41.0708 28.2447 23.8365 16.9634 33.6669 22.2181 36.3763 53.2967
25.0098 26.6509 22.3322 26.6289 26.2102 29.8779 5.74244 5.14468 5.97711 6.05529 0 1.24298 2.68874 3.71411 27.6424 24.9147 22.1371 20.2212 23.3288 23.2822 21.5059 21.4957 35.0549 31.9301 33.7292 32.2948 29.5774 31.4125 48.5183 44.4746 36.6313 21.2383 32.7733 2.53791 40.6052 43.3342 39.8149 37.2101 8.18255 9.41965 8.03117 8.22004 21.1127 21.1798 21.9715 20.262 7.11205 6.73301 6.44824 5.54417 41.5905 31.1366 35.5371 26.555 18.7941 17.5399 29.1194 16.9296 30.4749 48.8179
23.8755 26.9125 25.616 26.1988 27.8807 26.1782 5.20485 5.7884 5.64585 5.484 1.24298 0 1.24415 2.5637 27.2861 25.7397 24.2457 21.4687 27.5621 26.1061 22.7125 19.5616 35.3885 32.5617 33.581 34.2836 36.8205 32.2796 49.0381 52.5642 37.9998 22.0896 36.3503 2.77537 44.3757 40.1422 43.1823 42.4066 8.44536 9.42105 7.27546 8.65911 23.9594 23.5953 22.5853 21.1988 7.53137 7.94532 7.77981 6.94033 43.2866 32.9879 42.6933 25.6564 19.3335 18.7394 31.6745 19.6088 33.9946 44.6812
24.7969 27.6438 24.5229 27.9663 25.8754 31.279 6.01819 5.77301 5.51131 6.09661 2.68874 1.24415 0 1.36265 28.177 24.9527 25.1616 23.8988 25.6922 25.8634 22.4095 22.8953 33.9206 33.0699 33.2075 31.0784 36.5753 34.2396 45.4546 52.3913 38.4285 23.175 36.0839 3.71169 41.9911 45.4015 43.1279 48.0777 7.61036 9.73881 8.12995 8.18559 22.9935 22.1737 20.7776 25.8838 9.18977 8.91818 8.94708 7.82124 38.6322 34.6827 43.869 26.0219 20.2031 17.7997 34.0713 20.9872 35.3629 45.3315
25.6575 29.7208 30.5614 27.2449 29.8422 29.2799 6.01983 6.4633 5.02588 5.64215 3.71411 2.5637 1.36265 0 30.8883 25.78 27.9876 24.1158 29.1178 27.9897 27.623 21.9316 38.7904 35.7108 34.2396 38.1865 34.5659 38.9428 51.6969 53.0113 40.5949 22.3544 38.85 4.2903 49.464 47.5924 43.1902 42.8054 9.46112 10.2861 7.78522 8.5796 23.4886 23.1724 25.6117 22.2056 9.38943 8.87646 9.92752 8.60868 39.9467 36.9038 43.4199 23.1743 22.8333 19.3712 36.5952 18.3865 34.5962 52.026
16.0844 16.9335 17.1897 17.7941 16.3123 20.7387 24.373 23.1015 28.1909 29.9829 27.6424 27.2861 28.177 30.8883 0 1.26434 2.41155 3.48062 5.6012 5.584 5.64892 6.6741 20.1295 25.3935 21.2382 25.5175 12.2491 13.4576 33.6608 36.3594 27.5838 34.8769 29.0886 25.3425 15.6892 16.2527 16.8668 15.0826 25.5397 30.6286 28.6878 27.7417 29.8922 29.6662 30.1313 30.8262 20.0098 20.948 19.9473 21.7077 18.6373 23.1413 25.7078 47.1817 30.2785 17.0019 26.9583 25.6483 10.3286 37.8071
17.0835 17.6586 17.6993 19.1921 13.6177 18.6794 22.7244 22.3001 26.5852 24.2638 24.9147 25.7397 24.9527 25.78 1.26434 0 1.35894 2.43758 5.23126 4.90006 5.95211 6.50642 21.7558 26.7659 20.6895 24.7782 12.9733 15.4799 35.4921 36.4261 27.7375 34.9157 32.7267 26.6991 19.7443 19.077 17.6612 15.4036 27.4102 29.275 26.5184 30.1554 27.2904 30.6541 28.2699 32.6972 17.0578 17.1289 18.0602 20.1565 19.8926 24.2105 31.4396 40.6873 27.6504 14.8554 29.6464 26.6841 11.2678 37.9895
15.5641 15.4716 18.5019 17.4602 14.7479 19.2571 22.3987 24.3472 24.7046 27.3856 22.1371 24.2457 25.1616 27.9876 2.41155 1.35894 0 1.34879 6.50343 5.21949 5.06201 5.50512 24.6524 25.5732 23.3389 24.5631 13.2814 13.9429 33.1698 39.8112 26.9502 40.3741 32.5104 24.2673 20.222 18.3938 18.325 19.5017 27.3534 25.3328 26.8431 29.1879 30.928 32.4829 31.7051 29.5965 18.2689 16.9945 18.1453 17.011 23.2326 26.1273 28.7213 39.2723 26.268 15.5533 27.5202 26.6105 11.109 39.3274
15.2222 15.7505 17.8203 18.4158 14.8728 21.8585 20.128 20.5959 24.9237 25.4451 20.2212 21.4687 23.8988 24.1158 3.48062 2.43758 1.34879 0 6.17137 5.98433 5.61488 5.61231 24.5081 26.1951 22.7242 24.0787 13.4058 16.57 32.7644 35.7625 28.5623 37.1246 29.2758 25.2728 19.8835 19.6185 20.0598 17.6366 22.9054 28.1327 27.0036 24.2377 25.6394 28.4991 26.6833 29.1473 14.789 16.5773 17.9548 15.8468 20.6478 23.2724 31.142 39.8147 29.1357 12.9131 28.9023 25.5281 11.9531 42.2453
10.4314 11.8009 13.0058 13.8343 8.68302 15.5357 24.5944 26.2592 24.6797 28.6367 23.3288 27.5621 25.6922 29.1178 5.6012 5.23126 6.50343 6.17137 0 1.331 2.35561 3.69409 15.3488 17.0611 14.8065 17.1104 8.91968 9.24448 28.7042 33.9455 22.8679 33.9326 26.9167 23.1442 17.9416 18.2401 17.924 18.6123 24.6575 26.4386 27.8644 25.8422 24.1295 25.9813 23.3207 25.1556 20.0571 18.8279 18.9164 19.9934 16.6873 17.0727 23.923 38.9808 21.8389 17.9296 23.1352 22.9555 6.74995 29.0335
11.2764 10.6075 11.3584 12.4778 10.5857 14.888 20.9597 23.2402 24.9453 26.567 23.2822 26.1061 25.8634 27.9897 5.584 4.90006 5.21949 5.98433 1.331 0 1.34698 2.59301 16.0568 18.1016 16.7682 18.2927 10.1827 10.7942 33.3652 31.9502 22.4009 34.8431 25.6614 25.9877 20.004 18.3234 18.6265 18.8247 24.5369 25.6223 24.1474 23.6732 23.431 25.639 25.8289 25.6141 19.1471 17.3368 18.7725 19.3832 16.9949 18.0957 23.4233 41.3879 21.4034 19.4201 23.2849 23.2385 8.50487 32.8656
12.0905 11.3487 12.4481 14.3946 11.1477 13.7328 20.4894 21.2446 24.7255 26.0061 21.5059 22.7125 22.4095 27.623 5.64892 5.95211 5.06201 5.61488 2.35561 1.34698 0 1.24897 18.6089 20.1509 17.5384 18.8472 11.093 11.9646 34.052 34.3236 22.7673 32.341 26.9172 23.5687 20.5091 19.8532 22.1732 20.3968 24.3482 24.3374 22.6675 25.7659 21.9432 23.2217 24.6988 24.7972 18.8969 18.4477 18.4304 19.6616 17.7075 17.3587 26.1981 38.1386 23.8837 19.6193 24.8992 22.7111 8.40472 33.8763
12.1026 10.9013 13.847 12.4882 11.717 16.5127 21.9102 23.6264 21.0711 21.7175 21.4957 19.5616 22.8953 21.9316 6.6741 6.50642 5.50512 5.61231 3.69409 2.59301 1.24897 0 19.4228 20.3471 16.6155 18.7386 13.1586 11.9678 28.948 32.6487 24.8158 32.1847 25.2929 20.2218 22.4421 21.6491 21.2079 20.119 22.4345 20.8322 23.3104 23.8098 25.2367 22.6555 25.5237 24.0499 15.4771 14.8051 16.5906 17.3924 20.4227 21.021 24.6655 36.8294 22.0871 15.9517 25.0777 22.8388 11.0437 37.4762
9.81057 8.61389 8.36512 8.14518 8.26543 6.17274 34.0665 33.1936 34.6817 40.658 35.0549 35.3885 33.9206 38.7904 20.1295 21.7558 24.6524 24.5081 15.3488 16.0568 18.6089 19.4228 0 2.62712 2.70816 3.76433 13.5794 9.61379 12.9773 15.0278 6.68173 30.0911 12.4144 30.3886 26.6028 24.7507 25.4232 28.3656 30.1551 28.0978 34.5149 32.5866 19.5189 20.5994 19.6823 20.3114 34.5806 33.4419 34.4913 35.1004 10.8252 1.46772 6.60172 36.8514 21.6471 35.4454 10.4471 20.6827 12.0105 14.9247
11.0779 9.16869 8.87876 9.02754 9.83161 7.39211 39.5091 36.8813 40.2943 39.6525 31.9301 32.5617 33.0699 35.7108 25.3935 26.7659 25.5732 26.1951 17.0611 18.1016 20.1509 20.3471 2.62712 0 3.68152 2.72588 14.4329 11.7214 12.9806 12.6208 5.29872 29.6711 8.67764 36.0364 33.1626 28.5101 27.5734 31.393 30.3185 32.1475 29.5514 31.6192 17.9878 19.8034 20.0328 18.6496 35.2458 29.9976 32.1622 32.2905 12.8878 1.08527 4.60383 33.4926 20.2033 38.6244 8.87372 23.1417 13.8016 14.7041
6.70275 6.86831 6.48008 5.81535 6.91792 3.86708 30.0489 36.737 34.9976 40.1348 33.7292 33.581 33.2075 34.2396 21.2382 20.6895 23.3389 22.7242 14.8065 16.7682 17.5384 16.6155 2.70816 3.68152 0 2.66754 13.6532 11.886 16.158 17.8359 8.4102 32.38 10.3935 32.1814 28.091 27.7743 27.9949 29.2405 28.1133 27.0451 26.7656 30.476 16.4813 17.8243 17.1713 18.7625 28.1617 29.8083 27.8301 32.0444 11.3006 2.59374 8.29856 33.4054 20.529 34.3825 10.0763 21.5539 12.2064 15.7175
8.23799 7.6234 7.67774 7.24329 8.01071 4.68316 37.5909 32.6473 34.246 40.1562 32.2948 34.2836 31.0784 38.1865 25.5175 24.7782 24.5631 24.0787 17.1104 18.2927 18.8472 18.7386 3.76433 2.72588 2.66754 0 16.4717 13.5698 14.1123 16.0945 7.17562 31.9552 8.45815 29.379 32.7321 27.3718 32.5717 29.5053 25.9833 27.1315 31.8495 27.9174 18.0882 15.8664 19.6577 18.7181 32.9841 28.9193 33.8648 30.869 12.783 2.26244 6.52498 36.7508 20.055 33.5134 7.12634 18.9601 15.2336 14.4529
11.6525 14.3526 13.2605 15.3919 10.1033 14.3986 29.709 35.5318 35.364 39.4712 29.5774 36.8205 36.5753 34.5659 12.2491 12.9733 13.2814 13.4058 8.91968 10.1827 11.093 13.1586 13.5794 14.4329 13.6532 16.4717 0 2.31268 22.9669 23.9052 15.5766 36.7094 22.0604 34.75 14.301 14.4949 13.6514 15.625 32.0709 30.0206 31.3762 32.4606 27.2719 27.2809 28.7262 30.0057 28.1252 25.7114 27.5447 32.3586 8.82538 15.5472 18.6885 40.317 26.9422 25.5306 22.9637 26.1268 1.85032 27.9111
12.2682 12.6188 11.226 11.7795 9.11294 11.771 30.9506 36.615 35.7295 38.0608 31.4125 32.2796 34.2396 38.9428 13.4576 15.4799 13.9429 16.57 9.24448 10.7942 11.9646 11.9678 9.61379 11.7214 11.886 13.5698 2.31268 0 21.5415 23.2561 14.4399 39.8063 21.2861 31.3841 17.7724 15.2784 19.044 17.279 34.225 32.8155 35.9447 32.3493 27.9323 28.8414 29.8746 28.8112 28.5662 26.1831 31.9587 28.1269 6.55359 10.7459 16.7825 43.9993 26.5242 26.7057 18.9722 28.1147 3.02879 26.7596
23.576 22.0889 22.7243 23.8419 21.4737 17.7876 45.2387 50.8923 51.0903 52.4251 48.5183 49.0381 45.4546 51.6969 33.6608 35.4921 33.1698 32.7644 28.7042 33.3652 34.052 28.948 12.9773 12.9806 16.158 14.1123 22.9669 21.5415 0 2.49116 7.03708 43.3663 16.8556 44.2565 31.9891 34.2106 38.0516 30.3388 47.6366 41.457 45.1099 46.0908 30.464 27.4823 30.5844 32.5541 47.9145 41.3381 43.5667 49.0645 15.4062 12.1999 8.39972 42.1635 34.6896 47.0615 18.8357 33.4779 24.2825 6.10595
22.3768 24.1421 22.7698 23.5054 25.6247 19.6936 55.5201 48.7806 56.8754 56.2205 44.4746 52.5642 52.3913 53.0113 36.3594 36.4261 39.8112 35.7625 33.9455 31.9502 34.3236 32.6487 15.0278 12.6208 17.8359 16.0945 23.9052 23.2561 2.49116 0 8.97867 41.5361 17.1996 51.5081 39.0494 34.2478 38.4361 36.3369 40.7846 45.7838 42.4634 43.4022 32.3569 27.6265 33.2002 30.2922 50.4505 48.5865 51.6493 48.8446 16.9246 15.8774 10.1123 43.7599 35.451 46.9038 20.9561 34.3463 24.6864 4.87677
16.4986 13.5593 14.74 13.7381 15.0749 12.1002 40.9092 45.1562 43.8107 43.0591 36.6313 37.9998 38.4285 40.5949 27.5838 27.7375 26.9502 28.5623 22.8679 22.4009 22.7673 24.8158 6.68173 5.29872 8.4102 7.17562 15.5766 14.4399 7.03708 8.97867 0 37.5953 14.0736 36.9385 30.9311 31.3839 28.6161 26.4625 36.2345 38.602 37.7915 33.7843 23.8577 26.3136 23.025 24.6249 35.4697 37.0741 41.8284 39.2139 9.98604 5.95144 3.1311 43.7305 25.4865 43.5053 13.8587 28.829 18.3958 10.3475
24.5424 27.1534 23.6054 24.3972 29.245 27.0301 29.659 28.4242 25.4228 29.2688 21.2383 22.0896 23.175 22.3544 34.8769 34.9157 40.3741 37.1246 33.9326 34.8431 32.341 32.1847 30.0911 29.6711 32.38 31.9552 36.7094 39.8063 43.3663 41.5361 37.5953 0 21.9802 20.4721 56.2243 48.1573 50.7861 54.4015 14.7027 13.3037 14.8374 14.5038 12.9847 12.7222 11.8531 10.8035 25.6615 29.3263 30.2996 29.4619 39.5493 29.884 34.0708 4.95659 10.377 41.9818 21.8667 10.63 39.0097 40.2231
12.4651 12.4785 11.355 12.4727 16.0958 9.3317 33.3101 35.2509 38.1485 35.4403 32.7733 36.3503 36.0839 38.85 29.0886 32.7267 32.5104 29.2758 26.9167 25.6614 26.9172 25.2929 12.4144 8.67764 10.3935 8.45815 22.0604 21.2861 16.8556 17.1996 14.0736 21.9802 0 30.1114 36.0244 35.6526 39.7032 36.4152 25.0251 27.6113 27.8504 25.9648 12.9816 11.763 13.5111 14.3431 35.6507 32.2308 36.6179 31.3016 20.6243 9.64539 11.3533 29.9716 16.8225 41.1369 1.94589 15.2367 23.8881 15.9081
23.7665 22.7837 25.2917 23.0968 25.7466 26.3387 8.14998 8.78617 8.99581 9.33584 2.53791 2.77537 3.71169 4.2903 25.3425 26.6991 24.2673 25.2728 23.1442 25.9877 23.5687 20.2218 30.3886 36.0364 32.1814 29.379 34.75 31.3841 44.2565 51.5081 36.9385 20.4721 30.1114 0 39.7084 39.9649 40.2216 38.4717 4.47081 5.6351 4.55699 5.69287 20.0106 22.4924 20.8497 20.4409 9.71152 9.04582 9.77246 8.37069 35.7146 34.0474 34.5402 22.7314 16.9877 18.2243 26.9101 16.6717 28.9058 42.7193
28.7368 30.705 27.5589 27.7334 25.7993 29.9808 39.9623 46.1141 43.9264 45.6823 40.6052 44.3757 41.9911 49.464 15.6892 19.7443 20.222 19.8835 17.9416 20.004 20.5091 22.4421 26.6028 33.1626 28.091 32.7321 14.301 17.7724 31.9891 39.0494 30.9311 56.2243 36.0244 39.7084 0 0.977764 0.957463 1.3361 40.8371 48.7493 48.2536 50.2618 40.4035 47.6274 39.6989 48.9889 35.6223 36.0208 36.3336 35.9736 18.6179 29.3822 34.223 61.3215 39.7837 34.6655 39.1979 43.3224 14.9935 43.0647
26.7158 26.3828 27.1055 30.2787 25.2999 31.6124 42.1623 45.5494 45.0314 42.9 43.3342 40.1422 45.4015 47.5924 16.2527 19.077 18.3938 19.6185 18.2401 18.3234 19.8532 21.6491 24.7507 28.5101 27.7743 27.3718 14.4949 15.2784 34.2106 34.2478 31.3839 48.1573 35.6526 39.9649 0.977764 0 1.38567 1.0902 48.4415 41.1905 41.6171 50.2226 41.5426 38.9873 41.4726 48.2141 34.078 34.6534 41.0235 34.6689 18.1934 30.0771 28.9963 55.1209 40.9043 32.8805 39.4298 40.7635 16.4215 39.9504
27.7055 29.0448 27.3127 31.5917 25.8815 28.8685 41.1791 39.2665 42.6905 45.5092 39.8149 43.1823 43.1279 43.1902 16.8668 17.6612 18.325 20.0598 17.924 18.6265 22.1732 21.2079 25.4232 27.5734 27.9949 32.5717 13.6514 19.044 38.0516 38.4361 28.6161 50.7861 39.7032 40.2216 0.957463 1.38567 0 0.90709 44.7326 42.886 44.2443 48.4285 41.0677 41.5589 39.1663 42.1338 33.0198 35.2394 36.743 33.7877 20.5461 26.484 35.1349 60.4516 39.6839 28.7845 41.3049 46.2922 16.7977 40.6805
26.0684 24.5706 26.0518 26.9617 22.4392 29.0289 36.6481 45.0115 44.8802 41.4026 37.2101 42.4066 48.0777 42.8054 15.0826 15.4036 19.5017 17.6366 18.6123 18.8247 20.3968 20.119 28.3656 31.393 29.2405 29.5053 15.625 17.279 30.3388 36.3369 26.4625 54.4015 36.4152 38.4717 1.3361 1.0902 0.90709 0 41.6155 47.3371 41.505 42.4707 45.1092 46.5901 40.9621 44.3837 32.243 35.3915 37.5836 35.8146 20.0724 26.4031 29.4779 57.4981 45.4849 33.3731 37.6548 42.3118 13.8799 37.8884
24.1899 20.2268 23.3602 23.4197 23.2455 23.3462 12.6044 11.9588 14.4475 12.3414 8.18255 8.44536 7.61036 9.46112 25.5397 27.4102 27.3534 22.9054 24.6575 24.5369 24.3482 22.4345 30.1551 30.3185 28.1133 25.9833 32.0709 34.225 47.6366 40.7846 36.2345 14.7027 25.0251 4.47081 40.8371 48.4415 44.7326 41.6155 0 0.915985 0.92867 1.4818 17.2419 15.1635 16.2894 16.3243 14.2483 13.9423 13.0838 13.7708 38.8698 28.3485 32.352 16.5475 12.8809 22.3417 23.5871 11.5225 29.1335 44.3201
20.9871 24.4174 20.1399 23.6321 23.0387 24.8141 13.9729 14.2025 13.8959 13.5336 9.41965 9.42105 9.73881 10.2861 30.6286 29.275 25.3328 28.1327 26.4386 25.6223 24.3374 20.8322 28.0978 32.1475 27.0451 27.1315 30.0206 32.8155 41.457 45.7838 38.602 13.3037 27.6113 5.6351 48.7493 41.1905 42.886 47.3371 0.915985 0 1.3029 1.05082 15.5003 16.6778 15.3745 14.0039 15.347 13.0815 15.8984 13.9099 38.4468 28.0126 35.2209 15.5926 11.1971 23.1949 24.6658 10.5212 32.0795 41.8279
24.7257 25.5043 24.0023 23.9472 25.6637 26.9453 12.6304 12.6474 12.2605 13.2764 8.03117 7.27546 8.12995 7.78522 28.6878 26.5184 26.8431 27.0036 27.8644 24.1474 22.6675 23.3104 34.5149 29.5514 26.7656 31.8495 31.3762 35.9447 45.1099 42.4634 37.7915 14.8374 27.8504 4.55699 48.2536 41.6171 44.2443 41.505 0.92867 1.3029 0 0.999906 16.8236 16.1094 16.482 16.9267 15.0086 12.61 14.5257 12.1563 39.7353 30.4672 37.6433 17.686 14.2717 23.1728 28.1087 12.4605 31.9853 40.809
22.7158 23.3499 21.0419 23.85 26.2164 25.6419 13.2373 14.6686 13.2924 15.7677 8.22004 8.65911 8.18559 8.5796 27.7417 30.1554 29.1879 24.2377 25.8422 23.6732 25.7659 23.8098 32.5866 31.6192 30.476 27.9174 32.4606 32.3493 46.0908 43.4022 33.7843 14.5038 25.9648 5.69287 50.2618 50.2226 48.4285 42.4707 1.4818 1.05082 0.999906 0 15.1263 18.1362 14.6421 14.8669 15.9509 13.2607 14.1431 13.5113 35.8253 29.8466 38.9276 17.2736 12.1438 26.1359 24.79 11.1899 30.8106 41.7924
14.5106 15.3539 13.8632 13.9071 16.1152 13.8012 27.8431 26.4933 29.6187 28.6702 21.1127 23.9594 22.9935 23.4886 29.8922 27.2904 30.928 25.6394 24.1295 23.431 21.9432 25.2367 19.5189 17.9878 16.4813 18.0882 27.2719 27.9323 30.464 32.3569 23.8577 12.9847 12.9816 20.0106 40.4035 41.5426 41.0677 45.1092 17.2419 15.5003 16.8236 15.1263 0 0.941144 0.910796 1.39389 24.8359 22.6428 26.1493 22.8038 28.5631 17.8604 22.9302 15.2752 2.92527 31.5463 11.8244 4.22923 28.9994 24.863
14.4472 16.837 13.9855 15.3028 18.847 16.0496 27.6343 26.0531 31.5107 30.242 21.1798 23.5953 22.1737 23.1724 29.6662 30.6541 32.4829 28.4991 25.9813 25.639 23.2217 22.6555 20.5994 19.8034 17.8243 15.8664 27.2809 28.8414 27.4823 27.6265 26.3136 12.7222 11.763 22.4924 47.6274 38.9873 41.5589 46.5901 15.1635 16.6778 16.1094 18.1362 0.941144 0 1.30584 1.05509 24.3945 26.0161 24.7751 25.5882 32.0776 20.5839 20.3566 15.4663 3.93387 33.4026 10.6136 5.1381 29.0786 28.8618
14.9681 16.0396 15.8864 13.8729 19.2451 16.3281 27.2953 25.0814 29.1872 30.3077 21.9715 22.5853 20.7776 25.6117 30.1313 28.2699 31.7051 26.6833 23.3207 25.8289 24.6988 25.5237 19.6823 20.0328 17.1713 19.6577 28.7262 29.8746 30.5844 33.2002 23.025 11.8531 13.5111 20.8497 39.6989 41.4726 39.1663 40.9621 16.2894 15.3745 16.482 14.6421 0.910796 1.30584 0 0.971236 25.7629 23.8191 26.6678 24.0397 32.7805 20.1305 23.6692 14.3919 2.33624 32.8475 12.7454 3.40781 27.9703 26.0717
16.6887 17.1759 16.9882 16.2582 19.5341 17.5136 26.4469 26.3243 25.6161 27.8302 20.262 21.1988 25.8838 22.2056 30.8262 32.6972 29.5965 29.1473 25.1556 25.6141 24.7972 24.0499 20.3114 18.6496 18.7625 18.7181 30.0057 28.8112 32.5541 30.2922 24.6249 10.8035 14.3431 20.4409 48.9889 48.2141 42.1338 44.3837 16.3243 14.0039 16.9267 14.8669 1.39389 1.05509 0.971236 0 25.9936 23.4663 24.8067 27.9723 29.5874 20.8756 22.5268 15.3733 3.61132 32.5263 12.6872 4.78204 26.4441 28.4567
23.5084 21.692 22.2504 22.4442 24.1686 29.2752 4.18443 5.94816 7.37456 7.71873 7.11205 7.53137 9.18977 9.38943 20.0098 17.0578 18.2689 14.789 20.0571 19.1471 18.8969 15.4771 34.5806 35.2458 28.1617 32.9841 28.1252 28.5662 47.9145 50.4505 35.4697 25.6615 35.6507 9.71152 35.6223 34.078 33.0198 32.243 14.2483 15.347 15.0086 15.9509 24.8359 24.3945 25.7629 25.9936 0 0.995276 1.08368 1.50899 36.769 33.8294 35.2241 29.2193 21.1005 9.80459 31.3398 22.1071 24.2116 42.951
21.0081 22.9701 21.9805 24.458 24.7782 25.6485 3.84503 5.97918 6.97315 8.4045 6.73301 7.94532 8.91818 8.87646 20.948 17.1289 16.9945 16.5773 18.8279 17.3368 18.4477 14.8051 33.4419 29.9976 29.8083 28.9193 25.7114 26.1831 41.3381 48.5865 37.0741 29.3263 32.2308 9.04582 36.0208 34.6534 35.2394 35.3915 13.9423 13.0815 12.61 13.2607 22.6428 26.0161 23.8191 23.4663 0.995276 0 1.35787 0.912264 33.3499 34.6387 37.9754 34.2527 20.0148 11.8118 33.749 20.4095 26.3484 42.3292
22.1528 22.2589 25.9274 25.8991 26.1268 26.6973 2.94643 4.17398 5.8183 6.48078 6.44824 7.77981 8.94708 9.92752 19.9473 18.0602 18.1453 17.9548 18.9164 18.7725 18.4304 16.5906 34.4913 32.1622 27.8301 33.8648 27.5447 31.9587 43.5667 51.6493 41.8284 30.2996 36.6179 9.77246 36.3336 41.0235 36.743 37.5836 13.0838 15.8984 14.5257 14.1431 26.1493 24.7751 26.6678 24.8067 1.08368 1.35787 0 0.951974 37.7423 35.5516 36.048 31.3729 22.7656 11.1661 33.7164 19.9149 26.8509 44.6415
24.4144 22.196 22.9155 25.1924 25.2337 26.9654 3.43563 4.5828 5.64132 7.57318 5.54417 6.94033 7.82124 8.60868 21.7077 20.1565 17.011 15.8468 19.9934 19.3832 19.6616 17.3924 35.1004 32.2905 32.0444 30.869 32.3586 28.1269 49.0645 48.8446 39.2139 29.4619 31.3016 8.37069 35.9736 34.6689 33.7877 35.8146 13.7708 13.9099 12.1563 13.5113 22.8038 25.5882 24.0397 27.9723 1.50899 0.912264 0.951974 0 33.8581 31.7608 37.4892 29.2307 20.9422 12.6517 28.7709 19.7344 25.9436 46.3703
14.5487 15.8425 17.0481 16.3079 12.805 15.4721 38.4109 44.4043 39.5246 45.7789 41.5905 43.2866 38.6322 39.9467 18.6373 19.8926 23.2326 20.6478 16.6873 16.9949 17.7075 20.4227 10.8252 12.8878 11.3006 12.783 8.82538 6.55359 15.4062 16.9246 9.98604 39.5493 20.6243 35.7146 18.6179 18.1934 20.5461 20.0724 38.8698 38.4468 39.7353 35.8253 28.5631 32.0776 32.7805 29.5874 36.769 33.3499 37.7423 33.8581 0 12.008 13.5041 45.2889 28.4072 37.634 22.0761 29.5445 10.2708 19.9681
8.62981 8.29889 8.45903 8.86994 9.59158 6.43655 37.8126 36.6615 35.2207 41.3646 31.1366 32.9879 34.6827 36.9038 23.1413 24.2105 26.1273 23.2724 17.0727 18.0957 17.3587 21.021 1.46772 1.08527 2.59374 2.26244 15.5472 10.7459 12.1999 15.8774 5.95144 29.884 9.64539 34.0474 29.3822 30.0771 26.484 26.4031 28.3485 28.0126 30.4672 29.8466 17.8604 20.5839 20.1305 20.8756 33.8294 34.6387 35.5516 31.7608 12.008 0 6.10438 33.0757 19.3563 33.4109 10.5762 23.4755 15.6033 14.1588
13.6236 14.973 13.6847 13.5095 15.7769 10.5343 44.8412 41.0643 47.2806 41.0708 35.5371 42.6933 43.869 43.4199 25.7078 31.4396 28.7213 31.142 23.923 23.4233 26.1981 24.6655 6.60172 4.60383 8.29856 6.52498 18.6885 16.7825 8.39972 10.1123 3.1311 34.0708 11.3533 34.5402 34.223 28.9963 35.1349 29.4779 32.352 35.2209 37.6433 38.9276 22.9302 20.3566 23.6692 22.5268 35.2241 37.9754 36.048 37.4892 13.5041 6.10438 0 36.4159 26.9589 44.6606 12.6437 26.4015 19.9315 9.35694
31.9158 31.0447 33.3276 32.1226 35.5355 30.7024 29.8313 33.8392 32.6571 28.2447 26.555 25.6564 26.0219 23.1743 47.1817 40.6873 39.2723 39.8147 38.9808 41.3879 38.1386 36.8294 36.8514 33.4926 33.4054 36.7508 40.317 43.9993 42.1635 43.7599 43.7305 4.95659 29.9716 22.7314 61.3215 55.1209 60.4516 57.4981 16.5475 15.5926 17.686 17.2736 15.2752 15.4663 14.3919 15.3733 29.2193 34.2527 31.3729 29.2307 45.2889 33.0757 36.4159 0 15.0007 43.8998 25.2449 16.6815 38.9271 38.7804
14.4998 15.3278 13.8012 13.8135 16.2075 16.0163 25.3992 24.454 26.2347 23.8365 18.7941 19.3335 20.2031 22.8333 30.2785 27.6504 26.268 29.1357 21.8389 21.4034 23.8837 22.0871 21.6471 20.2033 20.529 20.055 26.9422 26.5242 34.6896 35.451 25.4865 10.377 16.8225 16.9877 39.7837 40.9043 39.6839 45.4849 12.8809 11.1971 14.2717 12.1438 2.92527 3.93387 2.33624 3.61132 21.1005 20.0148 22.7656 20.9422 28.4072 19.3563 26.9589 15.0007 0 30.6402 13.2746 1.39364 28.6862 32.7246
25.7081 30.1236 28.8569 27.492 27.5896 31.2412 12.8271 12.7894 13.5594 16.9634 17.5399 18.7394 17.7997 19.3712 17.0019 14.8554 15.5533 12.9131 17.9296 19.4201 19.6193 15.9517 35.4454 38.6244 34.3825 33.5134 25.5306 26.7057 47.0615 46.9038 43.5053 41.9818 41.1369 18.2243 34.6655 32.8805 28.7845 33.3731 22.3417 23.1949 23.1728 26.1359 31.5463 33.4026 32.8475 32.5263 9.80459 11.8118 11.1661 12.6517 37.634 33.4109 44.6606 43.8998 30.6402 0 38.615 31.8015 27.9028 47.8824
12.2152 12.6399 10.3238 10.6279 13.9419 7.99999 34.541 38.8283 39.0488 33.6669 29.1194 31.6745 34.0713 36.5952 26.9583 29.6464 27.5202 28.9023 23.1352 23.2849 24.8992 25.0777 10.4471 8.87372 10.0763 7.12634 22.9637 18.9722 18.8357 20.9561 13.8587 21.8667 1.94589 26.9101 39.1979 39.4298 41.3049 37.6548 23.5871 24.6658 28.1087 24.79 11.8244 10.6136 12.7454 12.6872 31.3398 33.749 33.7164 28.7709 22.0761 10.5762 12.6437 25.2449 13.2746 38.615 0 14.3889 20.3594 14.8985
15.06 15.2046 14.3024 13.4517 16.6244 17.8843 24.2064 23.6061 25.7915 22.2181 16.9296 19.6088 20.9872 18.3865 25.6483 26.6841 26.6105 25.5281 22.9555 23.2385 22.7111 22.8388 20.6827 23.1417 21.5539 18.9601 26.1268 28.1147 33.4779 34.3463 28.829 10.63 15.2367 16.6717 43.3224 40.7635 46.2922 42.3118 11.5225 10.5212 12.4605 11.1899 4.22923 5.1381 3.40781 4.78204 22.1071 20.4095 19.9149 19.7344 29.5445 23.4755 26.4015 16.6815 1.39364 31.8015 14.3889 0 25.1521 33.9442
12.4494 11.4339 11.5429 12.9458 9.6772 14.5395 27.8682 32.4654 32.9259 36.3763 30.4749 33.9946 35.3629 34.5962 10.3286 11.2678 11.109 11.9531 6.74995 8.50487 8.40472 11.0437 12.0105 13.8016 12.2064 15.2336 1.85032 3.02879 24.2825 24.6864 18.3958 39.0097 23.8881 28.9058 14.9935 16.4215 16.7977 13.8799 29.1335 32.0795 31.9853 30.8106 28.9994 29.0786 27.9703 26.4441 24.2116 26.3484 26.8509 25.9436 10.2708 15.6033 19.9315 38.9271 28.6862 27.9028 20.3594 25.1521 0 25.0722
21.4356 24.1227 23.1975 20.8385 23.1611 21.0471 51.7239 48.1827 51.0776 53.2967 48.8179 44.6812 45.3315 52.026 37.8071 37.9895 39.3274 42.2453 29.0335 32.8656 33.8763 37.4762 14.9247 14.7041 15.7175 14.4529 27.9111 26.7596 6.10595 4.87677 10.3475 40.2231 15.9081 42.7193 43.0647 39.9504 40.6805 37.8884 44.3201 41.8279 40.809 41.7924 24.863 28.8618 26.0717 28.4567 42.951 42.3292 44.6415 46.3703 19.9681 14.1588 9.35694 38.7804 32.7246 47.8824 14.8985 33.9442 25.0722 0
