9
16
0 2.7812 20.5441 21.5883 23.5951 20.3787 23.2605 27.4966 24.8499 24.1168 10.6281 9.83264 11.3858 11.6745 7.16382 12.58
2.7812 0 18.3029 17.6706 18.8348 22.1475 20.5728 22.3896 22.8227 23.5124 7.60802 8.7241 8.08633 9.20604 5.89722 10.2855
20.5441 18.3029 0 1.31595 2.64004 3.45116 4.98545 5.94679 5.97527 5.94856 9.54749 10.7519 9.01196 9.43969 13.1597 10.5316
21.5883 17.6706 1.31595 0 1.24386 2.69178 5.97858 5.47288 5.42761 6.09377 10.0992 9.90535 9.69805 10.8196 14.8671 10.3309
23.5951 18.8348 2.64004 1.24386 0 1.20423 6.1085 5.41897 5.53883 5.3992 12.9283 10.8568 10.5475 10.1032 14.7282 11.1944
20.3787 22.1475 3.45116 2.69178 1.20423 0 6.71194 6.05533 6.01687 5.65185 13.4209 11.8618 13.3619 11.2489 15.7285 13.2597
23.2605 20.5728 4.98545 5.97858 6.1085 6.71194 0 1.3154 2.47035 3.79192 13.7766 13.183 13.2351 13.8286 17.5517 12.192
27.4966 22.3896 5.94679 5.47288 5.41897 6.05533 1.3154 0 1.27067 2.44956 14.5122 14.6126 15.5809 14.8931 19.4365 12.7777
24.8499 22.8227 5.97527 5.42761 5.53883 6.01687 2.47035 1.27067 0 1.23051 15.1906 14.8695 14.8003 13.2453 19.7705 14.6774
24.1168 23.5124 5.94856 6.09377 5.3992 5.65185 3.79192 2.44956 1.23051 0 17.6561 17.645 15.7738 16.4074 20.8203 14.4779
10.6281 7.60802 9.54749 10.0992 12.9283 13.4209 13.7766 14.5122 15.1906 17.6561 0 0.692052 1.34671 1.94899 2.41583 4.01429
9.83264 8.7241 10.7519 9.90535 10.8568 11.8618 13.183 14.6126 14.8695 17.645 0.692052 0 0.606793 1.42369 2.99406 3.37987
11.3858 8.08633 9.01196 9.69805 10.5475 13.3619 13.2351 15.5809 14.8003 15.7738 1.34671 0.606793 0 0.602386 3.61254 2.97656
11.6745 9.20604 9.43969 10.8196 10.1032 11.2489 13.8286 14.8931 13.2453 16.4074 1.94899 1.42369 0.602386 0 4.13838 2.54671
7.16382 5.89722 13.1597 14.8671 14.7282 15.7285 17.5517 19.4365 19.7705 20.8203 2.41583 2.99406 3.61254 4.13838 0 5.13702
12.58 10.2855 10.5316 10.3309 11.1944 13.2597 12.192 12.7777 14.6774 14.4779 4.01429 3.37987 2.97656 2.54671 5.13702 0
