7
30
30
0 0.619176 1.37467 1.82847 2.43097 3.90323 19.6023 18.5586 16.6481 14.4907 15.7987 16.1298 15.3464 13.3854 4.63673 5.69036 7.95725 9.20725 8.04463 8.76429 9.04464 7.79497 8.34683 8.12406 14.5548 19.4669 17.0496 27.0723 20.426 28.782
0.619176 0 0.615486 1.41099 2.92094 3.27922 20.3663 16.5508 16.7406 15.5528 17.4032 15.1899 13.36 13.3281 4.61236 5.35038 8.46619 8.68551 6.62669 8.05141 9.22696 8.2499 9.36702 7.7798 15.9138 19.5707 16.1686 28.0494 21.4714 31.8874
1.37467 0.615486 0 0.649553 3.58512 3.08335 19.4874 19.3108 17.3598 15.746 15.5682 14.6305 13.3891 12.7195 4.51775 5.23834 7.47677 7.78173 6.47556 6.73228 9.63112 8.49282 9.23261 8.63348 16.5253 21.876 16.7566 28.9871 20.8944 32.7421
1.82847 1.41099 0.649553 0 3.9842 2.33743 21.5215 18.6516 19.0774 16.3213 16.0161 16.7889 15.0089 12.5826 4.93103 4.67159 7.51016 7.02233 6.61587 6.45944 9.51946 10.0191 10.1498 9.77874 16.732 23.1744 16.8082 29.3435 21.4196 33.5879
2.43097 2.92094 3.58512 3.9842 0 5.20505 16.079 13.9906 12.6361 11.9797 15.466 14.795 12.217 11.1241 3.02871 5.71853 7.58023 8.33821 7.79359 7.6411 6.80912 5.6942 6.0328 4.53754 14.2939 18.2849 13.9531 26.4226 17.8262 28.1633
3.90323 3.27922 3.08335 2.33743 5.20505 0 20.3839 19.3497 18.2275 17.1688 15.6115 14.1238 14.5853 12.4792 3.56495 2.39554 5.39264 5.29237 4.19291 4.01231 9.86803 9.16831 11.0496 9.15363 19.8456 21.787 16.5109 24.5488 22.4604 35.3096
19.6023 20.3663 19.4874 21.5215 16.079 20.3839 0 1.31021 2.3106 3.44604 5.61532 5.6821 5.41341 6.91478 15.5731 16.5798 14.7028 16.9121 17.1882 17.3321 10.4475 11.5939 12.4749 11.9429 16.3153 21.2609 2.76039 8.24869 17.6788 12.4735
18.5586 16.5508 19.3108 18.6516 13.9906 19.3497 1.31021 0 1.17926 2.49457 6.0541 5.69399 5.59898 5.96792 13.9414 16.3382 13.8214 16.2353 15.8416 15.5189 8.42781 9.98319 9.86888 10.6832 16.0491 19.598 2.07642 9.88524 16.4139 15.0577
16.6481 16.7406 17.3598 19.0774 12.6361 18.2275 2.3106 1.17926 0 1.26526 5.38957 5.18099 5.23672 5.72135 14.1723 13.9383 14.5853 16.6008 14.5732 16.9188 8.56911 7.68288 8.99249 10.2275 16.3139 17.8152 1.00162 9.85155 17.9675 13.7575
14.4907 15.5528 15.746 16.3213 11.9797 17.1688 3.44604 2.49457 1.26526 0 6.62601 5.93132 5.07798 5.72607 13.0894 14.4357 14.6538 15.2382 15.6062 16.9204 7.47722 7.94005 7.27779 8.45711 13.8515 20.281 1.28964 11.7211 14.5889 16.0111
15.7987 17.4032 15.5682 16.0161 15.466 15.6115 5.61532 6.0541 5.38957 6.62601 0 1.1645 2.6108 3.86099 12.8559 13.7136 11.3872 11.8777 12.4117 13.6024 10.556 9.83646 11.51 12.4943 21.8743 25.173 5.25151 11.6544 22.7501 20.2991
16.1298 15.1899 14.6305 16.7889 14.795 14.1238 5.6821 5.69399 5.18099 5.93132 1.1645 0 1.36617 2.72487 12.4824 11.6424 11.8697 11.5152 11.0273 12.7128 10.2108 9.45564 10.2685 9.92626 18.0089 23.1649 4.60892 11.2555 23.4105 20.2458
15.3464 13.36 13.3891 15.0089 12.217 14.5853 5.41341 5.59898 5.23672 5.07798 2.6108 1.36617 0 1.24881 9.81492 11.2143 10.4665 10.745 10.0201 10.9667 8.71076 8.87323 9.90322 9.44318 17.2377 25.2962 4.59605 13.7065 18.7225 20.4735
13.3854 13.3281 12.7195 12.5826 11.1241 12.4792 6.91478 5.96792 5.72135 5.72607 3.86099 2.72487 1.24881 0 8.36499 11.1747 10.2571 10.4378 9.42448 11.8232 7.49351 6.29761 8.1147 7.47249 16.834 23.2073 4.87923 14.493 18.1655 21.3641
4.63673 4.61236 4.51775 4.93103 3.02871 3.56495 15.5731 13.9414 14.1723 13.0894 12.8559 12.4824 9.81492 8.36499 0 2.55499 4.10281 5.12901 4.14875 4.80295 6.45471 6.53949 6.55992 6.46898 16.1429 22.2104 12.632 24.1763 20.2703 27.4084
5.69036 5.35038 5.23834 4.67159 5.71853 2.39554 16.5798 16.3382 13.9383 14.4357 13.7136 11.6424 11.2143 11.1747 2.55499 0 2.49433 3.12534 1.79871 2.60995 10.4634 8.3868 9.67807 8.99249 19.907 21.3869 12.6416 22.1118 21.8971 32.4712
7.95725 8.46619 7.47677 7.51016 7.58023 5.39264 14.7028 13.8214 14.5853 14.6538 11.3872 11.8697 10.4665 10.2571 4.10281 2.49433 0 1.03414 0.960478 1.49211 9.81481 9.94241 10.1539 9.77104 21.613 27.8664 14.3287 21.0407 25.6092 29.1927
9.20725 8.68551 7.78173 7.02233 8.33821 5.29237 16.9121 16.2353 16.6008 15.2382 11.8777 11.5152 10.745 10.4378 5.12901 3.12534 1.03414 0 1.39874 1.0799 11.4861 10.1944 12.2688 11.3749 21.6158 27.1862 15.6754 25.1803 24.0348 32.0823
8.04463 6.62669 6.47556 6.61587 7.79359 4.19291 17.1882 15.8416 14.5732 15.6062 12.4117 11.0273 10.0201 9.42448 4.14875 1.79871 0.960478 1.39874 0 0.978931 11.2022 10.5271 10.3319 9.69696 21.5263 27.2304 13.528 21.9275 22.5353 27.5973
8.76429 8.05141 6.73228 6.45944 7.6411 4.01231 17.3321 15.5189 16.9188 16.9204 13.6024 12.7128 10.9667 11.8232 4.80295 2.60995 1.49211 1.0799 0.978931 0 10.6233 9.65258 11.703 11.3987 22.7983 26.6838 15.3965 24.4841 26.5923 29.6237
9.04464 9.22696 9.63112 9.51946 6.80912 9.86803 10.4475 8.42781 8.56911 7.47722 10.556 10.2108 8.71076 7.49351 6.45471 10.4634 9.81481 11.4861 11.2022 10.6233 0 1.00262 0.947443 1.35633 10.1871 14.2285 7.80543 18.6909 12.8539 22.5214
7.79497 8.2499 8.49282 10.0191 5.6942 9.16831 11.5939 9.98319 7.68288 7.94005 9.83646 9.45564 8.87323 6.29761 6.53949 8.3868 9.94241 10.1944 10.5271 9.65258 1.00262 0 1.42378 0.951248 10.9391 17.724 8.18531 19.5978 14.7551 24.2442
8.34683 9.36702 9.23261 10.1498 6.0328 11.0496 12.4749 9.86888 8.99249 7.27779 11.51 10.2685 9.90322 8.1147 6.55992 9.67807 10.1539 12.2688 10.3319 11.703 0.947443 1.42378 0 0.904454 10.1549 16.1818 7.99306 20.0008 12.5282 23.5028
8.12406 7.7798 8.63348 9.77874 4.53754 9.15363 11.9429 10.6832 10.2275 8.45711 12.4943 9.92626 9.44318 7.47249 6.46898 8.99249 9.77104 11.3749 9.69696 11.3987 1.35633 0.951248 0.904454 0 12.0558 15.897 9.26145 20.6291 16.1371 22.4462
14.5548 15.9138 16.5253 16.732 14.2939 19.8456 16.3153 16.0491 16.3139 13.8515 21.8743 18.0089 17.2377 16.834 16.1429 19.907 21.613 21.6158 21.5263 22.7983 10.1871 10.9391 10.1549 12.0558 0 4.96872 15.4728 24.1623 4.53532 21.2384
19.4669 19.5707 21.876 23.1744 18.2849 21.787 21.2609 19.598 17.8152 20.281 25.173 23.1649 25.2962 23.2073 22.2104 21.3869 27.8664 27.1862 27.2304 26.6838 14.2285 17.724 16.1818 15.897 4.96872 0 20.899 25.7487 3.98376 25.5183
17.0496 16.1686 16.7566 16.8082 13.9531 16.5109 2.76039 2.07642 1.00162 1.28964 5.25151 4.60892 4.59605 4.87923 12.632 12.6416 14.3287 15.6754 13.528 15.3965 7.80543 8.18531 7.99306 9.26145 15.4728 20.899 0 11.5278 18.2091 17.2688
27.0723 28.0494 28.9871 29.3435 26.4226 24.5488 8.24869 9.88524 9.85155 11.7211 11.6544 11.2555 13.7065 14.493 24.1763 22.1118 21.0407 25.1803 21.9275 24.4841 18.6909 19.5978 20.0008 20.6291 24.1623 25.7487 11.5278 0 24.7906 8.65646
20.426 21.4714 20.8944 21.4196 17.8262 22.4604 17.6788 16.4139 17.9675 14.5889 22.7501 23.4105 18.7225 18.1655 20.2703 21.8971 25.6092 24.0348 22.5353 26.5923 12.8539 14.7551 12.5282 16.1371 4.53532 3.98376 18.2091 24.7906 0 22.5246
28.782 31.8874 32.7421 33.5879 28.1633 35.3096 12.4735 15.0577 13.7575 16.0111 20.2991 20.2458 20.4735 21.3641 27.4084 32.4712 29.1927 32.0823 27.5973 29.6237 22.5214 24.2442 23.5028 22.4462 21.2384 25.5183 17.2688 8.65646 22.5246 0
