4
50
60
0 0.635123 1.32916 1.84654 2.47305 4.11474 28.3298 27.1813 28.8204 31.7061 24.1387 25.9126 24.8086 30.4477 15.3805 17.4196 16.7549 17.7479 10.479 10.9138 10.8108 12.0466 9.16815 11.1486 7.06378 7.75567 13.5441 12.0017 21.9808 24.6489 14.4713 24.6234 14.0411 21.7931 28.5504 28.9622 28.9457 26.3385 23.0581 22.5637 24.5643 21.524 14.886 16.3681 17.0286 17.3033 23.2628 23.9369 22.1889 25.1607 16.2274 8.91712 14.3154 34.3572 14.4505 29.92 12.56 14.194 12.2128 21.5132
0.635123 0 0.700988 1.29856 2.73702 3.72053 26.8026 26.9008 26.5311 31.7211 25.8593 25.2684 26.7774 29.1655 17.3807 16.094 18.4887 18.4293 12.3334 11.6881 11.9185 13.0768 8.451 10.3724 6.76436 8.29211 12.2021 11.7514 20.8208 21.5557 15.5451 28.2853 12.8052 25.7064 30.4526 27.1113 27.5698 26.23 23.9785 21.837 21.0282 21.006 15.1625 15.9571 15.2971 16.0596 22.5246 21.9579 23.1782 22.4745 16.2331 9.30239 13.2009 29.3958 14.2135 30.571 10.8494 14.9925 11.4085 23.2234
1.32916 0.700988 0 0.678157 3.72873 2.9422 28.638 28.1154 29.6476 28.1134 27.1401 27.3537 24.9424 26.8119 19.5128 19.2445 19.1739 16.8207 12.6428 13.0854 12.0995 12.7731 9.05515 10.0307 6.14431 7.99521 13.4682 11.1113 21.1976 21.3056 14.5559 23.8559 11.7886 24.2679 32.0047 27.3357 30.1927 29.1487 20.8917 22.9106 24.0203 23.8934 14.3883 15.3151 16.0324 15.7164 24.9541 23.7614 24.6785 26.2068 14.5817 8.82369 15.6624 28.6601 15.9527 28.5777 10.5373 16.5748 13.5826 24.1674
1.84654 1.29856 0.678157 0 3.68096 2.42659 28.9102 28.2789 28.3493 30.8322 23.8289 28.5038 26.8058 27.4364 16.6261 18.4152 18.108 20.1017 12.5751 13.889 12.723 12.4484 7.65459 9.99353 5.87439 7.31423 15.2607 13.4024 20.2008 23.4395 13.3463 25.0187 10.7407 23.2684 28.9991 27.4516 27.9585 26.6924 23.9128 21.1568 21.9765 23.2983 15.2718 13.8466 13.6055 14.5623 25.0827 24.216 26.5982 26.1565 16.3635 9.0886 12.7846 33.0292 13.1068 26.6871 10.3817 14.3577 14.1643 22.4262
2.47305 2.73702 3.72873 3.68096 0 4.57599 27.4898 28.9249 30.7496 28.581 28.189 27.6309 25.4734 31.5614 13.7367 14.3053 15.9115 14.5194 9.18559 10.748 9.93968 10.7695 7.96003 10.8755 6.88093 8.7739 9.94067 9.58796 22.6892 25.03 15.6547 30.2161 14.9391 23.3852 24.6023 23.7844 27.468 24.6185 24.8606 26.1003 26.6809 26.1479 17.0195 18.5772 20.058 17.4167 24.6323 22.8478 24.9634 22.9871 13.4419 9.62766 14.7692 32.9827 19.0083 29.5838 13.2069 17.719 9.3015 24.1147
4.11474 3.72053 2.9422 2.42659 4.57599 0 29.0431 32.4242 30.9809 33.1166 28.9013 25.8888 27.8322 33.9152 21.6108 20.7296 20.2524 22.5358 14.3346 14.1592 15.7103 14.2894 5.49838 7.13487 3.83463 4.57704 13.9536 11.6097 20.1167 20.5604 12.0443 27.0266 10.6285 28.3893 32.8755 31.9128 30.4811 27.3356 22.5517 26.0936 27.4545 23.4367 15.6629 14.6569 14.4156 15.9414 25.1294 25.5889 30.3877 26.7412 13.4891 6.30196 11.2812 28.544 15.8015 33.0283 8.63903 16.0957 12.4026 20.1917
28.3298 26.8026 28.638 28.9102 27.4898 29.0431 0 1.22545 2.64862 3.57104 5.09577 5.1845 5.48516 6.77863 24.9607 21.3057 22.0895 20.9386 25.7354 24.7851 19.6471 20.6889 36.2053 33.6374 31.512 31.9536 29.7286 30.0361 49.2363 54.3852 45.0444 25.0582 39.3822 8.58679 42.2746 38.9873 38.7684 42.1969 12.3299 14.1524 12.5807 13.1753 25.5876 26.6566 28.7084 28.8761 4.61714 4.46194 3.33281 2.94673 40.9466 33.3981 40.38 32.882 24.3047 12.9136 37.4536 24.8777 33.2578 51.6411
27.1813 26.9008 28.1154 28.2789 28.9249 32.4242 1.22545 0 1.3378 2.36842 5.61315 4.94545 5.45099 5.72007 25.2474 25.4509 20.869 19.8991 26.5495 25.4837 20.9918 23.0936 35.162 37.8259 32.2581 34.4112 32.887 35.8984 51.7996 47.5289 46.3008 27.1633 39.6063 7.42276 41.7027 40.8955 37.8845 40.3167 12.1972 14.8387 14.2202 15.2474 26.4559 31.0105 25.7461 25.1383 4.97671 6.02509 4.60237 4.88589 42.0039 36.8741 43.8869 30.8514 26.8316 13.6596 36.0857 24.6154 32.9866 45.5791
28.8204 26.5311 29.6476 28.3493 30.7496 30.9809 2.64862 1.3378 0 1.32698 5.3947 5.09875 5.3582 5.66687 24.2724 27.9146 23.1022 22.4261 25.0432 26.8164 24.5001 22.3485 34.0797 40.8252 38.7007 34.7407 35.2212 34.178 50.5575 50.2481 42.2656 29.408 39.0458 8.73846 42.6924 43.0868 42.3098 40.776 12.5417 13.5867 13.6437 14.9695 26.1248 27.4451 26.7297 25.8019 6.97301 6.68973 5.48209 6.25731 41.2582 39.5425 41.0787 33.3814 23.3192 15.9413 33.7479 24.5204 33.6495 49.6103
31.7061 31.7211 28.1134 30.8322 28.581 33.1166 3.57104 2.36842 1.32698 0 6.62388 5.75249 5.74858 5.37797 25.4043 25.4349 24.036 21.8919 26.0537 28.9978 23.718 24.9461 37.4697 42.4322 38.283 40.1212 36.7029 36.8528 52.3165 50.5377 43.5568 29.7054 35.711 9.20438 45.5784 47.8599 46.1635 42.3014 14.3478 14.5743 14.2824 14.5374 28.0795 27.6918 25.4417 26.6699 7.38324 7.6458 6.87122 6.7409 45.7554 42.2485 48.4733 30.4225 25.1014 16.1754 34.1108 25.8722 33.4431 56.3553
24.1387 25.8593 27.1401 23.8289 28.189 28.9013 5.09577 5.61315 5.3947 6.62388 0 1.21098 2.63564 3.58445 23.9548 24.7105 23.1911 22.0005 25.1034 25.1703 22.8032 18.7275 33.6849 31.1161 30.461 33.6465 33.9916 30.4255 48.1842 52.1494 41.5156 21.3615 34.5221 2.66587 40.281 43.8926 43.4396 42.5578 7.67664 9.15262 7.75049 8.54469 20.9897 23.071 21.5517 22.0784 6.98575 7.02872 7.01556 5.74995 35.7558 31.4101 35.4304 28.0683 19.9025 18.0665 30.8772 18.4921 31.5238 43.4244
25.9126 25.2684 27.3537 28.5038 27.6309 25.8888 5.1845 4.94545 5.09875 5.75249 1.21098 0 1.35948 2.43977 26.2494 24.5716 23.5361 25.3575 24.0404 22.6908 21.3371 23.4394 35.6137 37.4806 33.9046 35.3855 30.4709 32.296 50.4207 45.7336 38.8863 21.4707 33.305 3.14606 46.4466 42.5588 45.879 40.6077 8.27811 8.2421 6.90863 9.00832 22.3525 25.8153 22.69 22.7064 8.26063 6.75051 6.68031 5.97473 40.5714 34.1179 36.8421 25.8502 18.2014 17.2636 33.4712 18.334 29.8935 50.1066
24.8086 26.7774 24.9424 26.8058 25.4734 27.8322 5.48516 5.45099 5.3582 5.74858 2.63564 1.35948 0 1.16933 30.3972 25.9505 25.5783 22.4773 24.4065 26.0187 22.2727 25.1591 34.0291 37.4691 30.0686 34.0591 36.3346 33.7013 46.4641 46.94 43.8322 23.8395 34.981 3.8329 44.4502 43.781 42.7381 43.5428 7.62675 8.22818 7.80202 8.3646 22.0341 23.6672 21.3133 22.259 8.81756 8.41114 8.64167 7.50941 37.2758 34.2877 42.9209 27.7363 21.7029 19.263 31.1835 18.8942 30.3962 52.7136
30.4477 29.1655 26.8119 27.4364 31.5614 33.9152 6.77863 5.72007 5.66687 5.37797 3.58445 2.43977 1.16933 0 27.6872 28.2852 27.4876 25.9055 27.1168 25.7375 24.754 22.5957 38.497 38.162 31.3535 32.4655 34.5693 33.3631 48.0024 48.5524 41.0924 22.4541 32.6536 4.88484 48.8419 42.3764 48.4291 49.1275 7.94805 9.9586 7.67552 10.0752 23.0948 24.4195 26.1678 25.7829 9.96548 9.05307 9.89038 7.78893 39.7518 35.0999 45.5039 23.2438 20.9366 19.7265 33.4782 20.814 32.8239 48.9005
15.3805 17.3807 19.5128 16.6261 13.7367 21.6108 24.9607 25.2474 24.2724 25.4043 23.9548 26.2494 30.3972 27.6872 0 1.26232 2.63423 3.70178 5.25724 5.36629 6.43935 7.09926 21.1566 25.7184 19.23 22.1276 12.5265 14.0298 33.376 38.4439 27.5282 36.3644 31.4855 26.2203 16.6371 15.7378 15.8234 17.3936 28.4186 29.9587 28.8066 28.0911 31.0612 31.8328 31.0114 33.7173 21.7271 20.1019 23.0332 22.9061 21.3976 23.3509 28.8727 47.6401 30.0978 15.5077 31.2616 29.8296 10.0284 38.6924
17.4196 16.094 19.2445 18.4152 14.3053 20.7296 21.3057 25.4509 27.9146 25.4349 24.7105 24.5716 25.9505 28.2852 1.26232 0 1.17935 2.54249 5.07463 5.43138 5.03294 5.85597 22.5423 25.7537 21.5773 25.1626 12.7924 13.903 37.2403 39.855 29.352 38.5823 31.8484 24.4225 17.134 16.9244 17.6481 17.9239 24.6271 27.0635 29.4582 26.7234 30.8325 27.9945 26.9328 32.6256 17.7684 18.4684 18.5463 18.7728 19.477 23.6519 27.1074 39.3722 26.1741 17.3051 29.9416 29.5319 10.2567 41.0982
16.7549 18.4887 19.1739 18.108 15.9115 20.2524 22.0895 20.869 23.1022 24.036 23.1911 23.5361 25.5783 27.4876 2.63423 1.17935 0 1.18489 6.08602 6.02218 4.96828 5.40574 21.3968 25.8238 21.9471 25.156 13.1362 14.8687 38.1808 36.907 28.7623 35.3919 27.2675 24.983 19.5103 20.1303 17.587 17.2817 27.3584 25.4273 27.4093 26.7647 31.4076 31.7017 28.0886 27.9387 18.739 18.711 19.8977 17.532 19.8415 24.0573 28.9883 40.4376 26.1919 14.1297 27.5786 29.2321 11.9798 37.4144
17.7479 18.4293 16.8207 20.1017 14.5194 22.5358 20.9386 19.8991 22.4261 21.8919 22.0005 25.3575 22.4773 25.9055 3.70178 2.54249 1.18489 0 7.12299 6.41738 5.75842 5.15726 23.5827 26.4383 22.0348 25.346 13.6613 16.9682 34.507 34.6038 27.5107 39.5686 31.349 25.0364 22.0023 19.3246 20.3587 20.0533 27.4328 23.6554 24.4616 29.2523 25.9924 26.4894 27.0465 27.0615 14.7854 16.9811 16.2636 16.8272 23.4241 22.5287 26.8782 45.1156 27.1925 12.7241 26.6538 23.8369 13.5214 41.4667
10.479 12.3334 12.6428 12.5751 9.18559 14.3346 25.7354 26.5495 25.0432 26.0537 25.1034 24.0404 24.4065 27.1168 5.25724 5.07463 6.08602 7.12299 0 1.3965 2.67061 4.1037 16.1339 17.2202 15.3876 17.6661 8.02326 9.3227 28.748 31.4698 21.9282 34.7725 22.5277 24.3932 20.3314 19.0915 18.2103 18.317 23.3441 28.6148 24.876 24.9023 26.3772 27.6482 24.0541 24.2362 21.2495 18.3468 19.9343 18.8223 16.3958 16.576 24.5459 40.6632 24.9042 21.4513 21.8598 26.0163 7.25345 33.4571
10.9138 11.6881 13.0854 13.889 10.748 14.1592 24.7851 25.4837 26.8164 28.9978 25.1703 22.6908 26.0187 25.7375 5.36629 5.43138 6.02218 6.41738 1.3965 0 1.37008 2.73032 18.6187 18.5659 14.8868 19.9568 9.79638 10.6132 32.6779 31.917 23.0826 36.3535 26.5642 22.139 21.367 20.1202 18.9461 20.1483 22.3503 26.6146 25.6547 24.5749 22.3382 25.2831 24.3083 23.6663 17.3811 17.2948 20.4222 21.4033 18.9174 17.0752 24.4588 38.1158 23.4247 17.6986 23.0686 20.7325 7.78661 31.8877
10.8108 11.9185 12.0995 12.723 9.93968 15.7103 19.6471 20.9918 24.5001 23.718 22.8032 21.3371 22.2727 24.754 6.43935 5.03294 4.96828 5.75842 2.67061 1.37008 0 1.2742 17.1965 18.7409 15.5006 19.7652 10.8697 11.5251 32.4866 32.0563 21.3009 35.5509 26.3649 21.0981 21.7052 22.531 21.829 21.0238 24.8677 22.5288 22.6782 23.1725 23.0861 22.3383 25.9474 23.0349 19.2462 17.4206 18.4446 17.8525 20.2394 17.1488 25.8806 36.0901 22.5741 16.5983 24.2566 20.2086 8.85523 34.8866
12.0466 13.0768 12.7731 12.4484 10.7695 14.2894 20.6889 23.0936 22.3485 24.9461 18.7275 23.4394 25.1591 22.5957 7.09926 5.85597 5.40574 5.15726 4.1037 2.73032 1.2742 0 17.7826 20.0947 18.1173 19.5816 13.2125 13.391 31.1636 32.5701 26.4014 29.1443 22.8596 20.0859 22.3769 23.7687 23.0877 20.0626 23.6031 24.4058 22.127 21.5222 24.1584 23.1518 22.7386 22.7989 14.9936 17.3019 17.3746 18.5551 18.8704 17.9279 27.191 40.2749 21.7082 17.25 22.778 21.9702 11.2864 33.3941
9.16815 8.451 9.05515 7.65459 7.96003 5.49838 36.2053 35.162 34.0797 37.4697 33.6849 35.6137 34.0291 38.497 21.1566 22.5423 21.3968 23.5827 16.1339 18.6187 17.1965 17.7826 0 2.59179 2.38651 3.75731 13.2457 10.7581 12.6229 14.7148 6.03542 33.0663 12.2311 32.7776 25.6821 27.4069 28.1823 24.776 27.7038 28.4722 29.0032 32.1564 18.4379 21.0824 20.4515 21.2853 31.6727 30.3445 29.981 30.375 10.7437 1.48504 6.97456 37.7178 22.2404 34.8538 10.5802 23.9996 12.7615 14.5327
11.1486 10.3724 10.0307 9.99353 10.8755 7.13487 33.6374 37.8259 40.8252 42.4322 31.1161 37.4806 37.4691 38.162 25.7184 25.7537 25.8238 26.4383 17.2202 18.5659 18.7409 20.0947 2.59179 0 3.88316 2.76865 15.4158 11.6508 11.6952 13.2677 5.54452 32.2865 8.62275 33.1788 29.7716 29.6341 31.1186 28.6439 31.9024 28.0987 30.0282 34.3065 20.3406 19.4387 20.6269 22.3315 31.0917 35.6631 31.0936 34.9463 10.9383 1.07996 4.2609 33.5001 21.1206 34.4541 9.29986 23.6185 16.4926 12.5574
7.06378 6.76436 6.14431 5.87439 6.88093 3.83463 31.512 32.2581 38.7007 38.283 30.461 33.9046 30.0686 31.3535 19.23 21.5773 21.9471 22.0348 15.3876 14.8868 15.5006 18.1173 2.38651 3.88316 0 2.43167 12.4031 10.6994 16.3868 18.6551 7.97496 28.9678 11.1069 31.5089 29.8962 29.5045 28.5744 30.032 25.3832 27.6718 27.85 29.5078 18.256 17.3228 18.604 17.8025 27.7846 28.0568 33.3186 27.5256 10.925 2.96088 8.64653 33.3192 18.8066 31.0986 9.96905 17.8321 12.2548 18.5067
7.75567 8.29211 7.99521 7.31423 8.7739 4.57704 31.9536 34.4112 34.7407 40.1212 33.6465 35.3855 34.0591 32.4655 22.1276 25.1626 25.156 25.346 17.6661 19.9568 19.7652 19.5816 3.75731 2.76865 2.43167 0 15.6192 13.4587 16.1888 16.4707 7.39418 29.6948 7.75182 30.1847 30.5061 28.7761 33.1008 29.8978 30.3085 29.8498 27.5023 27.2435 15.755 16.4442 16.7124 18.0264 33.7374 30.2957 31.3744 32.4609 13.9385 2.37628 6.89635 36.8214 18.9183 34.5319 7.86701 17.9663 15.9595 15.5587
13.5441 12.2021 13.4682 15.2607 9.94067 13.9536 29.7286 32.887 35.2212 36.7029 33.9916 30.4709 36.3346 34.5693 12.5265 12.7924 13.1362 13.6613 8.02326 9.79638 10.8697 13.2125 13.2457 15.4158 12.4031 15.6192 0 2.73811 23.1273 25.7681 14.8116 38.3859 23.8684 33.8524 14.4795 16.1661 15.8932 13.5314 31.9603 33.7708 35.4262 33.9262 26.2367 30.9656 26.4696 29.9151 27.2802 27.8264 32.4236 27.0195 8.76779 14.7621 18.8592 45.4215 26.5286 27.0441 21.6391 27.8259 1.72897 25.6642
12.0017 11.7514 11.1113 13.4024 9.58796 11.6097 30.0361 35.8984 34.178 36.8528 30.4255 32.296 33.7013 33.3631 14.0298 13.903 14.8687 16.9682 9.3227 10.6132 11.5251 13.391 10.7581 11.6508 10.6994 13.4587 2.73811 0 22.8972 22.6933 14.1309 35.3232 22.4276 33.5222 17.3097 17.4059 19.058 16.4087 31.9807 34.8907 30.7648 30.4371 25.6862 25.9125 27.3696 30.5218 27.8987 27.5663 29.9343 27.8366 7.27537 10.6465 14.5278 46.8166 27.9595 30.5009 18.5472 29.409 2.90753 25.8252
21.9808 20.8208 21.1976 20.2008 22.6892 20.1167 49.2363 51.7996 50.5575 52.3165 48.1842 50.4207 46.4641 48.0024 33.376 37.2403 38.1808 34.507 28.748 32.6779 32.4866 31.1636 12.6229 11.6952 16.3868 16.1888 23.1273 22.8972 0 2.3681 7.69548 45.9064 18.1703 45.2858 33.0234 33.1569 34.5988 34.7035 46.5489 45.7856 46.7415 41.5642 28.6214 27.3299 33.6167 33.3694 43.0598 47.229 47.6889 47.7269 16.8752 13.824 8.6749 45.042 34.1331 53.3643 17.8533 36.3459 23.2552 6.88576
24.6489 21.5557 21.3056 23.4395 25.03 20.5604 54.3852 47.5289 50.2481 50.5377 52.1494 45.7336 46.94 48.5524 38.4439 39.855 36.907 34.6038 31.4698 31.917 32.0563 32.5701 14.7148 13.2677 18.6551 16.4707 25.7681 22.6933 2.3681 0 9.24725 40.7966 18.5892 42.5318 38.4477 33.8452 38.7021 37.6473 48.037 40.9125 48.3208 47.2651 29.3368 28.5137 30.7193 31.2968 49.9276 51.6069 43.9697 47.2398 19.2252 14.4211 8.44207 43.9664 32.0283 48.8303 17.8984 33.2611 24.2703 4.69473
14.4713 15.5451 14.5559 13.3463 15.6547 12.0443 45.0444 46.3008 42.2656 43.5568 41.5156 38.8863 43.8322 41.0924 27.5282 29.352 28.7623 27.5107 21.9282 23.0826 21.3009 26.4014 6.03542 5.54452 7.97496 7.39418 14.8116 14.1309 7.69548 9.24725 0 40.0432 12.1587 39.2655 30.5998 30.9736 30.0135 27.4642 33.8541 38.6912 34.2993 37.2115 25.9031 26.8987 25.8868 24.3858 37.6371 35.837 39.2531 41.4503 11.332 6.11124 2.76806 42.4459 25.6677 42.7249 13.8094 27.4975 15.7788 10.3259
24.6234 28.2853 23.8559 25.0187 30.2161 27.0266 25.0582 27.1633 29.408 29.7054 21.3615 21.4707 23.8395 22.4541 36.3644 38.5823 35.3919 39.5686 34.7725 36.3535 35.5509 29.1443 33.0663 32.2865 28.9678 29.6948 38.3859 35.3232 45.9064 40.7966 40.0432 0 23.9087 18.8899 50.2354 50.4746 51.0388 53.4687 14.7965 14.5592 14.0795 13.8399 12.0252 11.0278 10.2337 11.0895 25.4036 29.1897 30.6321 24.9055 42.4227 30.5067 35.3103 4.51635 11.8527 35.4963 22.3422 11.8871 35.2953 41.6356
14.0411 12.8052 11.7886 10.7407 14.9391 10.6285 39.3822 39.6063 39.0458 35.711 34.5221 33.305 34.981 32.6536 31.4855 31.8484 27.2675 31.349 22.5277 26.5642 26.3649 22.8596 12.2311 8.62275 11.1069 7.75182 23.8684 22.4276 18.1703 18.5892 12.1587 23.9087 0 29.8009 37.1878 36.223 35.9262 37.7873 26.4459 24.6704 30.0248 28.6772 11.7303 12.3231 13.0033 13.4036 35.3586 32.7695 37.3245 35.8783 20.507 10.8437 10.0882 29.7253 14.3753 39.6259 1.78668 15.7735 22.0673 13.7929
21.7931 25.7064 24.2679 23.2684 23.3852 28.3893 8.58679 7.42276 8.73846 9.20438 2.66587 3.14606 3.8329 4.88484 26.2203 24.4225 24.983 25.0364 24.3932 22.139 21.0981 20.0859 32.7776 33.1788 31.5089 30.1847 33.8524 33.5222 45.2858 42.5318 39.2655 18.8899 29.8009 0 42.2728 44.946 40.5336 43.5189 5.13449 5.84366 5.18815 6.14364 20.8952 21.242 21.145 21.7753 9.73624 8.74316 8.54501 7.82612 35.3193 34.1134 34.6444 22.9772 16.6449 21.314 26.4175 14.5926 28.938 49.098
28.5504 30.4526 32.0047 28.9991 24.6023 32.8755 42.2746 41.7027 42.6924 45.5784 40.281 46.4466 44.4502 48.8419 16.6371 17.134 19.5103 22.0023 20.3314 21.367 21.7052 22.3769 25.6821 29.7716 29.8962 30.5061 14.4795 17.3097 33.0234 38.4477 30.5998 50.2354 37.1878 42.2728 0 1.00315 1.01222 1.36709 49.1306 46.2757 47.4585 47.313 41.442 46.8284 45.1354 44.5104 35.1874 33.9851 37.7642 37.2879 19.0207 28.7634 34.7293 64.0504 40.3872 31.0148 40.0431 40.7976 15.2515 43.2588
28.9622 27.1113 27.3357 27.4516 23.7844 31.9128 38.9873 40.8955 43.0868 47.8599 43.8926 42.5588 43.781 42.3764 15.7378 16.9244 20.1303 19.3246 19.0915 20.1202 22.531 23.7687 27.4069 29.6341 29.5045 28.7761 16.1661 17.4059 33.1569 33.8452 30.9736 50.4746 36.223 44.946 1.00315 0 1.28764 1.00238 47.9086 42.6072 46.1124 49.7894 44.6134 45.8272 44.0201 42.8705 34.5758 34.7775 41.092 34.5448 17.9533 25.9875 33.885 62.9959 43.4221 32.9778 34.4147 45.5142 16.2705 42.0642
28.9457 27.5698 30.1927 27.9585 27.468 30.4811 38.7684 37.8845 42.3098 46.1635 43.4396 45.879 42.7381 48.4291 15.8234 17.6481 17.587 20.3587 18.2103 18.9461 21.829 23.0877 28.1823 31.1186 28.5744 33.1008 15.8932 19.058 34.5988 38.7021 30.0135 51.0388 35.9262 40.5336 1.01222 1.28764 0 1.06214 46.1135 44.1473 45.9036 49.0945 43.2098 40.4647 41.2816 44.6241 33.8528 34.7877 38.4468 38.4114 20.543 29.2128 29.3154 63.6849 38.8614 29.5327 36.7011 41.7811 16.5505 41.8444
26.3385 26.23 29.1487 26.6924 24.6185 27.3356 42.1969 40.3167 40.776 42.3014 42.5578 40.6077 43.5428 49.1275 17.3936 17.9239 17.2817 20.0533 18.317 20.1483 21.0238 20.0626 24.776 28.6439 30.032 29.8978 13.5314 16.4087 34.7035 37.6473 27.4642 53.4687 37.7873 43.5189 1.36709 1.00238 1.06214 0 42.6139 44.3702 40.9671 47.0946 40.497 39.9832 38.7426 44.8489 38.9068 37.2327 33.7817 38.6302 19.56 26.1941 31.1103 60.5845 42.1079 30.134 39.1993 44.4582 16.6001 36.3665
23.0581 23.9785 20.8917 23.9128 24.8606 22.5517 12.3299 12.1972 12.5417 14.3478 7.67664 8.27811 7.62675 7.94805 28.4186 24.6271 27.3584 27.4328 23.3441 22.3503 24.8677 23.6031 27.7038 31.9024 25.3832 30.3085 31.9603 31.9807 46.5489 48.037 33.8541 14.7965 26.4459 5.13449 49.1306 47.9086 46.1135 42.6139 0 1.00218 1.02691 1.3027 14.6223 16.8596 13.6257 14.837 12.5174 13.4261 14.3271 13.3326 35.0218 30.8724 35.5335 18.6011 13.3808 23.4134 25.2449 11.1077 31.5928 40.0111
22.5637 21.837 22.9106 21.1568 26.1003 26.0936 14.1524 14.8387 13.5867 14.5743 9.15262 8.2421 8.22818 9.9586 29.9587 27.0635 25.4273 23.6554 28.6148 26.6146 22.5288 24.4058 28.4722 28.0987 27.6718 29.8498 33.7708 34.8907 45.7856 40.9125 38.6912 14.5592 24.6704 5.84366 46.2757 42.6072 44.1473 44.3702 1.00218 0 1.38545 0.996743 14.3538 15.6051 14.6526 16.1634 13.7236 13.6241 15.0257 14.7699 34.6569 30.0539 33.6528 17.4325 11.6364 27.054 25.2197 11.6297 30.391 44.1983
24.5643 21.0282 24.0203 21.9765 26.6809 27.4545 12.5807 14.2202 13.6437 14.2824 7.75049 6.90863 7.80202 7.67552 28.8066 29.4582 27.4093 24.4616 24.876 25.6547 22.6782 22.127 29.0032 30.0282 27.85 27.5023 35.4262 30.7648 46.7415 48.3208 34.2993 14.0795 30.0248 5.18815 47.4585 46.1124 45.9036 40.9671 1.02691 1.38545 0 0.987264 16.737 15.8707 14.696 16.5871 14.8539 12.7336 14.2289 12.0465 37.1651 33.2703 33.7879 17.1931 14.2289 24.7769 25.4355 12.4995 31.3167 47.0797
21.524 21.006 23.8934 23.2983 26.1479 23.4367 13.1753 15.2474 14.9695 14.5374 8.54469 9.00832 8.3646 10.0752 28.0911 26.7234 26.7647 29.2523 24.9023 24.5749 23.1725 21.5222 32.1564 34.3065 29.5078 27.2435 33.9262 30.4371 41.5642 47.2651 37.2115 13.8399 28.6772 6.14364 47.313 49.7894 49.0945 47.0946 1.3027 0.996743 0.987264 0 15.1385 15.9817 13.8941 15.2656 13.8419 13.4661 14.7669 13.5252 40.1368 30.4324 39.0021 18.0957 13.4112 27.9525 28.0027 12.3168 31.0139 40.7601
14.886 15.1625 14.3883 15.2718 17.0195 15.6629 25.5876 26.4559 26.1248 28.0795 20.9897 22.3525 22.0341 23.0948 31.0612 30.8325 31.4076 25.9924 26.3772 22.3382 23.0861 24.1584 18.4379 20.3406 18.256 15.755 26.2367 25.6862 28.6214 29.3368 25.9031 12.0252 11.7303 20.8952 41.442 44.6134 43.2098 40.497 14.6223 14.3538 16.737 15.1385 0 1.04796 1.08172 1.49217 28.2111 26.1787 27.5803 24.6906 29.5518 20.0979 21.5436 16.8864 3.33722 35.8158 10.6001 4.43025 24.3187 27.8928
16.3681 15.9571 15.3151 13.8466 18.5772 14.6569 26.6566 31.0105 27.4451 27.6918 23.071 25.8153 23.6672 24.4195 31.8328 27.9945 31.7017 26.4894 27.6482 25.2831 22.3383 23.1518 21.0824 19.4387 17.3228 16.4442 30.9656 25.9125 27.3299 28.5137 26.8987 11.0278 12.3231 21.242 46.8284 45.8272 40.4647 39.9832 16.8596 15.6051 15.8707 15.9817 1.04796 0 1.47145 1.06042 25.8081 26.7418 25.3899 23.9868 31.9551 19.0895 24.3442 15.172 4.12786 35.6982 11.0436 5.08777 27.8683 26.4812
17.0286 15.2971 16.0324 13.6055 20.058 14.4156 28.7084 25.7461 26.7297 25.4417 21.5517 22.69 21.3133 26.1678 31.0114 26.9328 28.0886 27.0465 24.0541 24.3083 25.9474 22.7386 20.4515 20.6269 18.604 16.7124 26.4696 27.3696 33.6167 30.7193 25.8868 10.2337 13.0033 21.145 45.1354 44.0201 41.2816 38.7426 13.6257 14.6526 14.696 13.8941 1.08172 1.47145 0 1.00798 27.7989 23.2993 26.866 24.9279 28.0424 19.1874 25.7692 15.3582 2.45181 34.7569 12.6531 3.62696 27.5453 27.8943
17.3033 16.0596 15.7164 14.5623 17.4167 15.9414 28.8761 25.1383 25.8019 26.6699 22.0784 22.7064 22.259 25.7829 33.7173 32.6256 27.9387 27.0615 24.2362 23.6663 23.0349 22.7989 21.2853 22.3315 17.8025 18.0264 29.9151 30.5218 33.3694 31.2968 24.3858 11.0895 13.4036 21.7753 44.5104 42.8705 44.6241 44.8489 14.837 16.1634 16.5871 15.2656 1.49217 1.06042 1.00798 0 25.8463 24.1031 27.7783 23.4312 33.6122 22.4877 23.438 16.184 3.32771 35.4522 13.1155 4.56425 26.9587 26.4643
23.2628 22.5246 24.9541 25.0827 24.6323 25.1294 4.61714 4.97671 6.97301 7.38324 6.98575 8.26063 8.81756 9.96548 21.7271 17.7684 18.739 14.7854 21.2495 17.3811 19.2462 14.9936 31.6727 31.0917 27.7846 33.7374 27.2802 27.8987 43.0598 49.9276 37.6371 25.4036 35.3586 9.73624 35.1874 34.5758 33.8528 38.9068 12.5174 13.7236 14.8539 13.8419 28.2111 25.8081 27.7989 25.8463 0 0.940832 0.981992 1.52526 38.985 33.1824 34.5844 31.4443 24.5764 10.5014 33.9368 20.1458 29.3292 48.0943
23.9369 21.9579 23.7614 24.216 22.8478 25.5889 4.46194 6.02509 6.68973 7.6458 7.02872 6.75051 8.41114 9.05307 20.1019 18.4684 18.711 16.9811 18.3468 17.2948 17.4206 17.3019 30.3445 35.6631 28.0568 30.2957 27.8264 27.5663 47.229 51.6069 35.837 29.1897 32.7695 8.74316 33.9851 34.7775 34.7877 37.2327 13.4261 13.6241 12.7336 13.4661 26.1787 26.7418 23.2993 24.1031 0.940832 0 1.30118 0.970143 35.6469 30.7122 40.6989 30.8664 22.2555 10.6366 34.0916 21.7389 29.0989 43.5608
22.1889 23.1782 24.6785 26.5982 24.9634 30.3877 3.33281 4.60237 5.48209 6.87122 7.01556 6.68031 8.64167 9.89038 23.0332 18.5463 19.8977 16.2636 19.9343 20.4222 18.4446 17.3746 29.981 31.0936 33.3186 31.3744 32.4236 29.9343 47.6889 43.9697 39.2531 30.6321 37.3245 8.54501 37.7642 41.092 38.4468 33.7817 14.3271 15.0257 14.2289 14.7669 27.5803 25.3899 26.866 27.7783 0.981992 1.30118 0 0.941959 40.1735 33.9852 40.2754 33.4279 21.6417 10.0433 31.7576 22.0612 29.1674 43.1716
25.1607 22.4745 26.2068 26.1565 22.9871 26.7412 2.94673 4.88589 6.25731 6.7409 5.74995 5.97473 7.50941 7.78893 22.9061 18.7728 17.532 16.8272 18.8223 21.4033 17.8525 18.5551 30.375 34.9463 27.5256 32.4609 27.0195 27.8366 47.7269 47.2398 41.4503 24.9055 35.8783 7.82612 37.2879 34.5448 38.4114 38.6302 13.3326 14.7699 12.0465 13.5252 24.6906 23.9868 24.9279 23.4312 1.52526 0.970143 0.941959 0 34.3182 32.9957 40.6205 30.541 20.2006 12.889 32.1198 23.1474 29.4432 46.6814
16.2274 16.2331 14.5817 16.3635 13.4419 13.4891 40.9466 42.0039 41.2582 45.7554 35.7558 40.5714 37.2758 39.7518 21.3976 19.477 19.8415 23.4241 16.3958 18.9174 20.2394 18.8704 10.7437 10.9383 10.925 13.9385 8.76779 7.27537 16.8752 19.2252 11.332 42.4227 20.507 35.3193 19.0207 17.9533 20.543 19.56 35.0218 34.6569 37.1651 40.1368 29.5518 31.9551 28.0424 33.6122 38.985 35.6469 40.1735 34.3182 0 10.7483 12.099 43.49 27.6126 36.0858 19.8391 32.5329 10.4324 20.2633
8.91712 9.30239 8.82369 9.0886 9.62766 6.30196 33.3981 36.8741 39.5425 42.2485 31.4101 34.1179 34.2877 35.0999 23.3509 23.6519 24.0573 22.5287 16.576 17.0752 17.1488 17.9279 1.48504 1.07996 2.96088 2.37628 14.7621 10.6465 13.824 14.4211 6.11124 30.5067 10.8437 34.1134 28.7634 25.9875 29.2128 26.1941 30.8724 30.0539 33.2703 30.4324 20.0979 19.0895 19.1874 22.4877 33.1824 30.7122 33.9852 32.9957 10.7483 0 6.01825 34.2844 21.9965 36.7699 9.42589 21.3912 15.0724 13.623
14.3154 13.2009 15.6624 12.7846 14.7692 11.2812 40.38 43.8869 41.0787 48.4733 35.4304 36.8421 42.9209 45.5039 28.8727 27.1074 28.9883 26.8782 24.5459 24.4588 25.8806 27.191 6.97456 4.2609 8.64653 6.89635 18.8592 14.5278 8.6749 8.44207 2.76806 35.3103 10.0882 34.6444 34.7293 33.885 29.3154 31.1103 35.5335 33.6528 33.7879 39.0021 21.5436 24.3442 25.7692 23.438 34.5844 40.6989 40.2754 40.6205 12.099 6.01825 0 41.5389 22.7006 43.2536 12.1064 26.7477 19.359 9.52069
34.3572 29.3958 28.6601 33.0292 32.9827 28.544 32.882 30.8514 33.3814 30.4225 28.0683 25.8502 27.7363 23.2438 47.6401 39.3722 40.4376 45.1156 40.6632 38.1158 36.0901 40.2749 37.7178 33.5001 33.3192 36.8214 45.4215 46.8166 45.042 43.9664 42.4459 4.51635 29.7253 22.9772 64.0504 62.9959 63.6849 60.5845 18.6011 17.4325 17.1931 18.0957 16.8864 15.172 15.3582 16.184 31.4443 30.8664 33.4279 30.541 43.49 34.2844 41.5389 0 15.6554 45.5009 24.2219 14.8532 38.6102 41.11
14.4505 14.2135 15.9527 13.1068 19.0083 15.8015 24.3047 26.8316 23.3192 25.1014 19.9025 18.2014 21.7029 20.9366 30.0978 26.1741 26.1919 27.1925 24.9042 23.4247 22.5741 21.7082 22.2404 21.1206 18.8066 18.9183 26.5286 27.9595 34.1331 32.0283 25.6677 11.8527 14.3753 16.6449 40.3872 43.4221 38.8614 42.1079 13.3808 11.6364 14.2289 13.4112 3.33722 4.12786 2.45181 3.32771 24.5764 22.2555 21.6417 20.2006 27.6126 21.9965 22.7006 15.6554 0 31.274 14.1774 1.41029 25.4264 29.1393
29.92 30.571 28.5777 26.6871 29.5838 33.0283 12.9136 13.6596 15.9413 16.1754 18.0665 17.2636 19.263 19.7265 15.5077 17.3051 14.1297 12.7241 21.4513 17.6986 16.5983 17.25 34.8538 34.4541 31.0986 34.5319 27.0441 30.5009 53.3643 48.8303 42.7249 35.4963 39.6259 21.314 31.0148 32.9778 29.5327 30.134 23.4134 27.054 24.7769 27.9525 35.8158 35.6982 34.7569 35.4522 10.5014 10.6366 10.0433 12.889 36.0858 36.7699 43.2536 45.5009 31.274 0 38.564 28.655 23.993 46.1293
12.56 10.8494 10.5373 10.3817 13.2069 8.63903 37.4536 36.0857 33.7479 34.1108 30.8772 33.4712 31.1835 33.4782 31.2616 29.9416 27.5786 26.6538 21.8598 23.0686 24.2566 22.778 10.5802 9.29986 9.96905 7.86701 21.6391 18.5472 17.8533 17.8984 13.8094 22.3422 1.78668 26.4175 40.0431 34.4147 36.7011 39.1993 25.2449 25.2197 25.4355 28.0027 10.6001 11.0436 12.6531 13.1155 33.9368 34.0916 31.7576 32.1198 19.8391 9.42589 12.1064 24.2219 14.1774 38.564 0 15.6799 22.4093 14.7187
14.194 14.9925 16.5748 14.3577 17.719 16.0957 24.8777 24.6154 24.5204 25.8722 18.4921 18.334 18.8942 20.814 29.8296 29.5319 29.2321 23.8369 26.0163 20.7325 20.2086 21.9702 23.9996 23.6185 17.8321 17.9663 27.8259 29.409 36.3459 33.2611 27.4975 11.8871 15.7735 14.5926 40.7976 45.5142 41.7811 44.4582 11.1077 11.6297 12.4995 12.3168 4.43025 5.08777 3.62696 4.56425 20.1458 21.7389 22.0612 23.1474 32.5329 21.3912 26.7477 14.8532 1.41029 28.655 15.6799 0 27.6135 33.2676
12.2128 11.4085 13.5826 14.1643 9.3015 12.4026 33.2578 32.9866 33.6495 33.4431 31.5238 29.8935 30.3962 32.8239 10.0284 10.2567 11.9798 13.5214 7.25345 7.78661 8.85523 11.2864 12.7615 16.4926 12.2548 15.9595 1.72897 2.90753 23.2552 24.2703 15.7788 35.2953 22.0673 28.938 15.2515 16.2705 16.5505 16.6001 31.5928 30.391 31.3167 31.0139 24.3187 27.8683 27.5453 26.9587 29.3292 29.0989 29.1674 29.4432 10.4324 15.0724 19.359 38.6102 25.4264 23.993 22.4093 27.6135 0 28.8987
21.5132 23.2234 24.1674 22.4262 24.1147 20.1917 51.6411 45.5791 49.6103 56.3553 43.4244 50.1066 52.7136 48.9005 38.6924 41.0982 37.4144 41.4667 33.4571 31.8877 34.8866 33.3941 14.5327 12.5574 18.5067 15.5587 25.6642 25.8252 6.88576 4.69473 10.3259 41.6356 13.7929 49.098 43.2588 42.0642 41.8444 36.3665 40.0111 44.1983 47.0797 40.7601 27.8928 26.4812 27.8943 26.4643 48.0943 43.5608 43.1716 46.6814 20.2633 13.623 9.52069 41.11 29.1393 46.1293 14.7187 33.2676 28.8987 0
