4
30
30
0 0.634873 1.32862 1.91764 2.28384 3.83215 18.9187 16.3928 17.5118 14.9033 15.6421 15.4779 14.6669 13.9503 4.57726 5.89987 8.87769 8.6848 7.35699 7.36746 9.7014 7.60636 9.01641 8.08334 14.2792 21.2188 15.0495 24.2658 21.3805 28.6497
0.634873 0 0.594059 1.23237 3.05222 3.45265 19.074 19.3466 17.206 14.8077 16.3967 16.0026 14.3421 14.3666 4.42495 5.01205 8.61701 9.01085 7.0531 7.46032 9.66649 9.0311 8.89543 7.45298 16.434 21.1714 14.9416 25.8503 20.6442 28.8529
1.32862 0.594059 0 0.688049 3.25148 3.01465 18.3485 16.7062 15.9851 17.174 16.8113 16.6887 13.9466 13.2515 4.24016 5.375 8.2433 8.68049 6.56215 7.12186 10.577 9.62356 9.91231 7.90624 17.8202 19.9945 15.0786 25.5727 21.8769 31.5794
1.91764 1.23237 0.688049 0 3.8316 2.74834 18.1239 20.089 18.4808 16.564 17.0771 15.4103 14.3591 14.8705 4.73144 4.66458 8.05642 8.45394 6.24684 7.17287 9.98029 9.76162 9.99437 9.47961 15.7429 19.6015 16.3364 28.6286 21.7462 33.1222
2.28384 3.05222 3.25148 3.8316 0 4.84427 16.7759 16.4447 14.9532 12.2608 15.2416 14.5237 12.9111 11.5429 3.20106 5.44009 7.51566 8.07396 7.10574 8.23059 7.03822 5.52889 5.46475 5.43159 14.0077 17.6651 13.5669 26.5553 16.5634 29.6344
3.83215 3.45265 3.01465 2.74834 4.84427 0 17.131 16.7224 17.1607 17.7438 16.4128 15.7848 14.6481 12.3836 3.77526 2.65422 4.95036 5.61146 3.7558 4.73898 11.1429 10.5689 9.37451 9.24632 17.3517 22.9943 17.0196 29.2743 23.9997 34.9756
18.9187 19.074 18.3485 18.1239 16.7759 17.131 0 1.17792 2.51898 4.0074 4.97862 5.16076 5.48863 6.87907 13.8272 18.3181 15.8973 15.9715 15.5146 17.592 10.9364 11.0274 11.9906 11.3541 17.8108 23.7524 3.27749 8.72477 16.888 14.3057
16.3928 19.3466 16.7062 20.089 16.4447 16.7224 1.17792 0 1.18761 2.56817 5.10989 5.47948 5.72279 5.4438 14.0328 14.3756 15.1761 17.5789 17.475 18.141 9.3942 8.88399 11.0447 11.574 17.0428 21.8812 2.03513 10.0171 16.7099 14.9761
17.5118 17.206 15.9851 18.4808 14.9532 17.1607 2.51898 1.18761 0 1.18675 5.44614 5.32648 5.73845 5.44371 12.1802 13.7788 14.8933 15.7245 15.871 16.3171 8.34871 8.08216 9.14875 10.2291 14.6748 20.4941 1.02725 10.4166 18.1521 16.4928
14.9033 14.8077 17.174 16.564 12.2608 17.7438 4.0074 2.56817 1.18675 0 5.95831 5.70649 5.23801 5.43348 11.6783 12.9612 14.8423 16.178 13.5095 16.0019 6.21341 7.4093 8.00296 8.6006 14.2045 18.4107 1.47247 12.1051 16.2395 16.1963
15.6421 16.3967 16.8113 17.0771 15.2416 16.4128 4.97862 5.10989 5.44614 5.95831 0 1.38462 2.66377 3.63096 12.5279 12.9856 12.224 12.3388 11.9615 14.3782 10.1105 10.9546 11.0994 11.0066 21.52 26.1508 5.41525 11.0551 22.5541 20.2476
15.4779 16.0026 16.6887 15.4103 14.5237 15.7848 5.16076 5.47948 5.32648 5.70649 1.38462 0 1.28878 2.55936 11.1001 11.5116 10.3948 12.4541 11.0274 13.5814 9.50912 9.78756 10.4914 9.90878 20.6314 22.4523 4.50049 11.2405 23.2127 20.1339
14.6669 14.3421 13.9466 14.3591 12.9111 14.6481 5.48863 5.72279 5.73845 5.23801 2.66377 1.28878 0 1.22387 11.1718 10.8135 9.64582 10.1406 10.6584 10.618 8.44424 7.84039 9.13046 9.50422 17.3731 24.918 4.50733 13.8369 20.2167 21.4578
13.9503 14.3666 13.2515 14.8705 11.5429 12.3836 6.87907 5.4438 5.44371 5.43348 3.63096 2.55936 1.22387 0 8.71544 10.2508 10.2936 10.4344 10.5496 10.3312 7.17453 6.23858 8.47092 7.57086 17.5844 22.8796 4.03796 13.1712 21.6848 21.7059
4.57726 4.42495 4.24016 4.73144 3.20106 3.77526 13.8272 14.0328 12.1802 11.6783 12.5279 11.1001 11.1718 8.71544 0 2.52149 4.56454 5.51044 4.02111 4.50827 7.79603 6.7172 7.33197 6.32543 17.154 21.237 13.1735 22.2694 20.8056 27.2091
5.89987 5.01205 5.375 4.66458 5.44009 2.65422 18.3181 14.3756 13.7788 12.9612 12.9856 11.5116 10.8135 10.2508 2.52149 0 2.64804 2.96287 2.06651 2.58641 10.4685 8.84089 8.53549 8.79943 16.9044 25.0559 13.6675 25.1867 23.9483 28.5188
8.87769 8.61701 8.2433 8.05642 7.51566 4.95036 15.8973 15.1761 14.8933 14.8423 12.224 10.3948 9.64582 10.2936 4.56454 2.64804 0 1.08839 1.07006 1.54115 10.5065 9.68242 10.5993 9.30929 20.1394 25.2104 13.41 21.4421 24.3723 29.2335
8.6848 9.01085 8.68049 8.45394 8.07396 5.61146 15.9715 17.5789 15.7245 16.178 12.3388 12.4541 10.1406 10.4344 5.51044 2.96287 1.08839 0 1.32476 0.917907 10.8162 9.66523 11.1237 11.1353 22.5834 24.4744 15.2061 22.6836 23.5462 27.4779
7.35699 7.0531 6.56215 6.24684 7.10574 3.7558 15.5146 17.475 15.871 13.5095 11.9615 11.0274 10.6584 10.5496 4.02111 2.06651 1.07006 1.32476 0 0.95845 9.97793 10.3531 10.7111 8.98 21.2395 24.9125 15.0682 26.4912 26.6929 30.0543
7.36746 7.46032 7.12186 7.17287 8.23059 4.73898 17.592 18.141 16.3171 16.0019 14.3782 13.5814 10.618 10.3312 4.50827 2.58641 1.54115 0.917907 0.95845 0 12.4538 9.66699 11.1548 10.8914 19.3342 26.6693 14.8365 23.8908 27.1683 31.7067
9.7014 9.66649 10.577 9.98029 7.03822 11.1429 10.9364 9.3942 8.34871 6.21341 10.1105 9.50912 8.44424 7.17453 7.79603 10.4685 10.5065 10.8162 9.97793 12.4538 0 0.967327 0.990875 1.46098 10.2225 14.7757 8.03289 17.2598 15.3459 23.6816
7.60636 9.0311 9.62356 9.76162 5.52889 10.5689 11.0274 8.88399 8.08216 7.4093 10.9546 9.78756 7.84039 6.23858 6.7172 8.84089 9.68242 9.66523 10.3531 9.66699 0.967327 0 1.44229 0.938752 12.5652 16.3282 7.72604 20.0335 15.7249 23.6675
9.01641 8.89543 9.91231 9.99437 5.46475 9.37451 11.9906 11.0447 9.14875 8.00296 11.0994 10.4914 9.13046 8.47092 7.33197 8.53549 10.5993 11.1237 10.7111 11.1548 0.990875 1.44229 0 0.98169 9.89435 14.8013 8.18159 20.1651 14.7513 22.4076
8.08334 7.45298 7.90624 9.47961 5.43159 9.24632 11.3541 11.574 10.2291 8.6006 11.0066 9.90878 9.50422 7.57086 6.32543 8.79943 9.30929 11.1353 8.98 10.8914 1.46098 0.938752 0.98169 0 10.6535 15.8649 9.28964 20.5393 13.4003 23.1848
14.2792 16.434 17.8202 15.7429 14.0077 17.3517 17.8108 17.0428 14.6748 14.2045 21.52 20.6314 17.3731 17.5844 17.154 16.9044 20.1394 22.5834 21.2395 19.3342 10.2225 12.5652 9.89435 10.6535 0 5.32565 13.7514 22.1141 4.19125 21.3848
21.2188 21.1714 19.9945 19.6015 17.6651 22.9943 23.7524 21.8812 20.4941 18.4107 26.1508 22.4523 24.918 22.8796 21.237 25.0559 25.2104 24.4744 24.9125 26.6693 14.7757 16.3282 14.8013 15.8649 5.32565 0 19.016 24.7766 4.25649 25.3201
15.0495 14.9416 15.0786 16.3364 13.5669 17.0196 3.27749 2.03513 1.02725 1.47247 5.41525 4.50049 4.50733 4.03796 13.1735 13.6675 13.41 15.2061 15.0682 14.8365 8.03289 7.72604 8.18159 9.28964 13.7514 19.016 0 10.2723 15.658 15.8018
24.2658 25.8503 25.5727 28.6286 26.5553 29.2743 8.72477 10.0171 10.4166 12.1051 11.0551 11.2405 13.8369 13.1712 22.2694 25.1867 21.4421 22.6836 26.4912 23.8908 17.2598 20.0335 20.1651 20.5393 22.1141 24.7766 10.2723 0 25.7163 7.59412
21.3805 20.6442 21.8769 21.7462 16.5634 23.9997 16.888 16.7099 18.1521 16.2395 22.5541 23.2127 20.2167 21.6848 20.8056 23.9483 24.3723 23.5462 26.6929 27.1683 15.3459 15.7249 14.7513 13.4003 4.19125 4.25649 15.658 25.7163 0 21.2298
28.6497 28.8529 31.5794 33.1222 29.6344 34.9756 14.3057 14.9761 16.4928 16.1963 20.2476 20.1339 21.4578 21.7059 27.2091 28.5188 29.2335 27.4779 30.0543 31.7067 23.6816 23.6675 22.4076 23.1848 21.3848 25.3201 15.8018 7.59412 21.2298 0
