6
50
60
0 0.621636 1.23976 1.91402 2.53746 4.33952 28.4678 25.2497 27.8011 30.6632 24.5161 24.2264 25.0455 26.7905 15.1963 17.5526 17.2369 15.5637 11.405 10.2526 11.1991 11.7849 9.841 10.8509 6.77249 7.96045 12.2221 11.7737 24.4089 23.5737 15.0613 26.0089 12.2821 22.5236 27.3567 27.7972 27.2965 27.1358 22.1126 23.4266 25.235 22.0272 13.7653 16.5295 15.6994 17.0827 24.9837 24.6771 22.0515 22.7506 16.2944 8.88623 15.6372 30.2812 16.0754 29.2431 11.1866 14.3518 11.8796 22.4176
0.621636 0 0.698942 1.42578 2.68709 3.41932 26.1743 26.6978 30.1068 28.6558 26.4131 26.0971 28.899 26.1552 18.3044 15.7817 17.8041 16.9346 12.2154 12.2614 11.6235 11.5043 9.58913 9.82102 6.47362 7.58176 13.1378 11.289 21.6411 26.0596 13.3968 27.1658 12.2215 25.8415 29.146 26.189 29.573 27.4622 24.1109 20.4006 22.1326 22.5706 14.1972 16.1642 16.1975 15.1557 25.0488 23.9343 25.3264 22.0738 15.5711 9.24394 13.8729 30.4082 14.8842 27.3472 11.302 16.8604 12.248 21.9039
1.23976 0.698942 0 0.697901 3.41377 3.26148 29.7137 29.2484 31.3057 30.4356 22.9161 26.2315 27.5804 26.2904 18.2533 17.805 16.5714 19.7488 11.7635 11.8222 12.0869 12.5704 8.6179 9.66201 6.2397 7.24636 13.1428 12.3298 23.963 21.99 15.7928 26.2164 11.8071 26.0517 31.5875 30.6062 28.2286 28.5523 22.4767 24.0197 23.6229 25.1043 13.2345 14.0112 13.6502 15.0386 25.7276 25.6906 26.6588 23.3936 17.4946 8.71929 13.2964 27.6768 14.2093 29.9784 11.6618 14.9328 11.5704 23.3784
1.91402 1.42578 0.697901 0 4.31949 2.34769 29.7187 31.2061 28.5627 30.9256 22.5895 24.2067 27.901 28.9111 18.1765 16.6872 18.1971 18.2322 13.7293 13.5636 11.9172 13.851 7.86062 9.85444 5.58308 6.5117 14.6234 12.1063 20.6386 21.4743 14.5704 26.6046 11.6102 25.9336 27.0372 29.0806 29.1204 30.9711 21.6476 21.1978 22.6213 25.4158 14.563 14.6575 15.7701 15.667 22.1856 23.904 25.3035 23.7062 14.7177 8.532 12.9473 30.3638 14.2969 29.4585 9.80674 15.3392 12.671 20.0933
2.53746 2.68709 3.41377 4.31949 0 4.88262 27.1138 26.2922 28.0645 29.6509 27.5519 27.2152 29.3221 28.0465 15.8253 15.0342 15.4407 16.1875 10.1375 9.86284 10.9509 11.2412 8.41073 10.2058 6.58916 7.94021 10.4804 8.35332 23.992 22.8671 13.8997 26.3033 16.3411 25.5549 27.6822 24.0855 26.2821 25.6564 24.3657 24.197 24.872 25.6226 16.9006 19.0606 19.7456 19.7321 25.0206 23.262 24.0383 22.4276 12.3417 8.65065 14.7102 33.1929 19.5737 27.894 13.3175 16.4704 8.71521 23.3981
4.33952 3.41932 3.26148 2.34769 4.88262 0 29.3232 31.7797 34.3858 31.4925 26.3098 29.6698 29.6721 29.4438 18.5788 19.9831 21.6306 20.6076 15.1715 15.9523 13.9892 15.1611 5.62881 7.18977 3.49194 4.76191 15.6039 11.1257 20.8613 21.2747 12.3681 25.4228 9.18029 25.2713 27.6931 31.6005 31.2119 27.9398 23.4268 24.0802 25.0232 27.6276 14.4973 14.8431 14.5687 15.7146 26.3205 26.0704 28.0573 24.6836 16.131 5.67788 12.0661 29.9839 15.8687 32.7409 8.9479 16.4046 14.5969 18.0837
28.4678 26.1743 29.7137 29.7187 27.1138 29.3232 0 1.20584 2.34803 3.69262 5.26838 5.74696 6.06451 6.0032 26.6098 21.9801 20.1073 20.1439 22.6472 24.7376 20.2864 19.3398 32.8405 35.0498 30.9088 37.201 33.6507 30.8109 48.4205 48.7854 38.5872 29.8323 39.6531 8.64115 44.0492 43.0566 38.7367 43.3815 12.9313 15.2793 12.0843 14.9556 24.4373 26.7602 28.5986 29.6737 4.44745 4.29741 3.22167 3.08089 43.2754 33.5989 39.4639 28.8784 23.2355 12.2073 37.6407 20.9249 30.9399 53.468
25.2497 26.6978 29.2484 31.2061 26.2922 31.7797 1.20584 0 1.25577 2.4903 5.06512 4.98562 5.92545 6.33544 26.2855 21.8394 21.8555 21.5107 26.6903 25.2908 21.6647 19.6248 33.604 39.5536 35.5473 38.7503 35.0621 33.0342 45.8013 50.9937 39.017 28.8339 37.6476 8.67639 42.6262 45.9489 41.7753 37.252 13.5657 12.9028 13.0932 13.4835 26.491 28.2274 27.8267 29.8886 5.25197 5.39799 4.88695 4.08378 38.6312 36.4705 38.5923 30.3892 25.1681 15.1343 37.2944 23.2125 29.8488 49.8481
27.8011 30.1068 31.3057 28.5627 28.0645 34.3858 2.34803 1.25577 0 1.28211 5.76495 5.17329 4.98077 5.28964 27.5163 25.4724 22.3814 24.2474 25.6547 26.8903 24.5523 25.1271 38.5619 37.9288 32.7647 35.8819 36.8061 37.5442 48.3092 56.1814 44.3118 27.6436 39.25 9.14531 43.1987 39.4378 45.3017 45.5625 12.7802 14.3987 13.0886 14.2667 28.3605 30.821 29.3954 27.0858 6.17866 7.09277 5.81922 5.7345 40.5461 37.9925 41.6282 30.6396 24.8357 15.5232 36.8907 22.0827 36.1599 48.4018
30.6632 28.6558 30.4356 30.9256 29.6509 31.4925 3.69262 2.4903 1.28211 0 7.15197 6.37222 5.45774 5.12354 30.0461 26.7019 24.8109 24.0542 28.8797 25.3263 23.8382 22.4482 40.9016 37.4931 36.259 35.9621 39.2041 36.5165 48.41 57.4818 45.7194 27.8288 38.713 8.70882 46.1341 42.1769 41.945 43.309 12.9629 13.2265 13.1255 13.4483 26.4551 29.6251 29.1403 27.146 7.67506 8.05329 6.44758 6.9455 46.4111 40.3377 44.5985 31.1392 24.9611 16.6115 40.4696 24.7189 37.156 50.3294
24.5161 26.4131 22.9161 22.5895 27.5519 26.3098 5.26838 5.06512 5.76495 7.15197 0 1.3401 2.28808 3.93321 23.3973 22.34 21.0282 23.6292 22.6209 21.0154 19.9048 21.2553 31.7741 34.3407 33.8568 32.724 32.9959 30.0559 42.5545 51.9891 39.8278 23.1144 33.1873 2.69349 40.0165 44.8166 37.6712 43.9995 8.15819 8.06197 7.37497 9.16376 23.2943 22.8294 21.8551 22.2224 7.64951 6.18565 7.15698 5.66372 40.3138 36.1035 37.7989 27.5423 19.4684 16.8141 31.733 18.0171 31.9509 43.3335
24.2264 26.0971 26.2315 24.2067 27.2152 29.6698 5.74696 4.98562 5.17329 6.37222 1.3401 0 1.34629 2.34929 26.4122 26.6825 22.6332 21.0732 23.8918 24.1531 21.6793 20.9623 36.0795 32.2322 33.3958 29.8439 32.2739 36.5344 51.7683 44.7293 40.0571 20.6821 35.4847 2.88149 46.3023 42.9647 41.939 42.2442 8.53338 9.3822 7.28274 9.23759 21.998 23.653 21.0784 25.4496 8.18144 7.7895 7.4498 6.18962 40.8119 31.6966 38.1119 26.3446 18.138 18.948 33.6959 18.49 34.0348 49.7649
25.0455 28.899 27.5804 27.901 29.3221 29.6721 6.06451 5.92545 4.98077 5.45774 2.28808 1.34629 0 1.2904 30.324 24.8439 23.5455 23.1846 27.7537 27.962 23.4757 23.2438 37.2483 36.0645 33.6024 32.1911 35.1199 36.5278 45.3158 53.5136 38.3746 21.221 35.3484 3.82996 46.7095 48.0662 45.6661 46.0644 7.62036 9.01617 7.17119 8.83266 24.6073 25.1756 22.3097 22.8355 9.48156 8.64825 7.37102 8.23756 39.9074 38.712 40.7069 24.1172 18.6531 19.4515 31.7169 19.7162 32.4139 45.8032
26.7905 26.1552 26.2904 28.9111 28.0465 29.4438 6.0032 6.33544 5.28964 5.12354 3.93321 2.34929 1.2904 0 30.1819 29.1704 24.6998 27.8158 26.3426 29.2631 27.6186 26.2285 36.6166 35.0103 35.2467 33.9979 36.7032 37.3722 53.047 51.6819 39.0495 20.553 37.3971 4.09823 43.4347 44.4216 48.5185 46.2058 9.18905 10.1371 7.95273 9.00535 24.4178 27.2064 24.4999 27.0434 9.08392 8.63933 8.39954 7.71285 39.0371 36.4766 39.1379 27.9 20.1852 20.7147 36.161 19.5927 31.4941 49.4985
15.1963 18.3044 18.2533 18.1765 15.8253 18.5788 26.6098 26.2855 27.5163 30.0461 23.3973 26.4122 30.324 30.1819 0 1.25715 2.65305 4.14653 5.37777 5.77986 6.20452 6.20181 22.6076 26.2641 20.7022 21.6093 10.6688 12.1318 34.7513 33.8134 28.1484 37.4928 27.7291 24.6722 17.6703 15.8664 16.959 16.7073 27.153 28.4948 28.0062 28.4839 26.8311 28.7861 28.6934 29.05 19.805 21.4201 22.2903 20.2318 19.088 22.9596 26.0856 42.8876 26.4554 16.4239 30.9884 29.1657 9.46469 36.2652
17.5526 15.7817 17.805 16.6872 15.0342 19.9831 21.9801 21.8394 25.4724 26.7019 22.34 26.6825 24.8439 29.1704 1.25715 0 1.17378 2.58509 5.19631 5.79011 5.18603 6.00595 21.4524 25.6838 22.083 22.4595 13.0891 14.0132 33.4203 39.3859 29.7096 38.2342 32.5808 25.0823 18.4934 17.0703 18.7373 17.7227 28.4883 30.0191 29.517 26.6504 29.0103 28.0773 31.6759 32.8439 18.836 18.0087 18.008 18.813 20.5908 24.986 31.0873 41.9824 26.9557 16.1747 29.6869 26.9611 11.5952 40.037
17.2369 17.8041 16.5714 18.1971 15.4407 21.6306 20.1073 21.8555 22.3814 24.8109 21.0282 22.6332 23.5455 24.6998 2.65305 1.17378 0 1.21924 6.29672 5.26922 5.57841 6.00928 22.1459 26.0808 19.9292 23.3887 12.6935 16.2811 38.8252 35.169 30.5732 35.1584 27.2874 23.1933 18.3348 17.6293 17.9704 16.8348 26.6995 28.5702 27.6117 27.8729 31.0616 30.8662 27.7099 31.7484 19.1 18.5403 18.9945 16.8347 21.8811 22.92 28.5375 45.1265 29.0537 15.3482 30.4441 27.668 10.9186 36.5866
15.5637 16.9346 19.7488 18.2322 16.1875 20.6076 20.1439 21.5107 24.2474 24.0542 23.6292 21.0732 23.1846 27.8158 4.14653 2.58509 1.21924 0 7.11754 6.38341 5.18581 5.58272 24.2578 23.5299 20.9666 26.4233 15.2619 15.3511 36.314 41.5458 27.2192 38.0613 28.4765 24.1475 21.6855 19.7188 19.6202 18.8303 25.9271 23.9124 23.9444 27.0679 27.7594 31.8066 27.5145 27.9278 16.1266 16.9101 16.6755 18.9416 22.9772 24.2605 30.8391 37.1196 26.8647 12.6001 29.9687 24.17 12.199 36.3796
11.405 12.2154 11.7635 13.7293 10.1375 15.1715 22.6472 26.6903 25.6547 28.8797 22.6209 23.8918 27.7537 26.3426 5.37777 5.19631 6.29672 7.11754 0 1.26842 2.72154 4.09657 15.0065 18.3913 14.9313 17.5128 9.24539 10.1888 32.2716 28.4888 22.3079 33.5027 23.0558 22.6902 21.4023 18.83 17.4928 16.8753 23.214 26.0754 25.4358 29.1039 24.5625 27.5032 23.7559 27.1515 18.1139 18.0899 19.0098 21.6021 17.4728 18.189 21.8114 43.3312 21.8854 21.3191 22.8776 21.6115 6.6779 33.6547
10.2526 12.2614 11.8222 13.5636 9.86284 15.9523 24.7376 25.2908 26.8903 25.3263 21.0154 24.1531 27.962 29.2631 5.77986 5.79011 5.26922 6.38341 1.26842 0 1.2359 2.5272 15.8325 18.4479 14.6156 18.3069 9.32862 11.0912 28.6719 30.4066 21.3711 31.9857 25.2288 24.5012 21.1677 20.5201 21.3413 17.7561 22.5217 24.9589 24.785 25.0227 22.0562 22.9675 24.9042 26.2713 17.3759 17.4477 18.227 18.688 16.8367 17.6824 25.9222 41.7992 25.5018 17.1132 23.4775 24.5435 8.54002 30.8794
11.1991 11.6235 12.0869 11.9172 10.9509 13.9892 20.2864 21.6647 24.5523 23.8382 19.9048 21.6793 23.4757 27.6186 6.20452 5.18603 5.57841 5.18581 2.72154 1.2359 0 1.28055 18.6164 21.8533 15.3751 20.5446 10.7266 12.049 32.9213 35.2394 24.4862 34.5963 23.2311 23.7986 23.6767 22.417 19.8474 20.4643 22.2834 25.1219 25.7525 27.0296 23.5282 26.4423 22.1034 23.2903 16.3638 16.4038 18.661 17.4041 20.0091 19.1058 25.7385 35.1898 22.2733 18.9035 21.7182 22.3194 8.37431 31.7407
11.7849 11.5043 12.5704 13.851 11.2412 15.1611 19.3398 19.6248 25.1271 22.4482 21.2553 20.9623 23.2438 26.2285 6.20181 6.00595 6.00928 5.58272 4.09657 2.5272 1.28055 0 17.8533 20.3087 15.7294 20.9542 12.4298 12.9027 30.2934 34.6167 23.2523 32.3138 24.5738 23.1274 24.3504 20.9035 22.0022 20.4984 20.7481 21.5366 21.6303 24.0684 23.5945 22.4568 22.3444 26.4947 14.8016 16.4756 16.0452 18.2645 21.6621 17.8905 24.374 35.8821 22.0925 15.6822 21.3535 19.5409 10.2839 33.5841
9.841 9.58913 8.6179 7.86062 8.41073 5.62881 32.8405 33.604 38.5619 40.9016 31.7741 36.0795 37.2483 36.6166 22.6076 21.4524 22.1459 24.2578 15.0065 15.8325 18.6164 17.8533 0 2.73816 2.48602 3.58002 12.1351 9.22635 13.9058 14.4385 6.42278 30.9954 12.2343 32.4848 26.6952 26.4306 26.6693 25.4233 28.79 27.8287 34.3313 34.1353 20.8631 22.0276 22.5964 22.6947 29.806 32.8527 35.8784 29.8128 9.83393 1.50911 7.19091 38.3233 20.2475 34.4404 10.9327 20.5527 11.5013 16.2779
10.8509 9.82102 9.66201 9.85444 10.2058 7.18977 35.0498 39.5536 37.9288 37.4931 34.3407 32.2322 36.0645 35.0103 26.2641 25.6838 26.0808 23.5299 18.3913 18.4479 21.8533 20.3087 2.73816 0 3.85733 2.48964 14.3138 12.9943 13.6752 13.9005 4.73458 28.3746 9.88709 31.7647 32.1117 27.422 29.6463 26.9481 31.5784 29.2688 30.3516 31.7141 18.884 19.7992 20.8725 21.5462 35.3353 33.6986 31.4231 32.1075 11.3896 1.10811 4.3512 39.31 21.3062 33.7291 10.6531 21.9467 15.0138 14.4565
6.77249 6.47362 6.2397 5.58308 6.58916 3.49194 30.9088 35.5473 32.7647 36.259 33.8568 33.3958 33.6024 35.2467 20.7022 22.083 19.9292 20.9666 14.9313 14.6156 15.3751 15.7294 2.48602 3.85733 0 2.34017 13.703 10.1464 17.2596 17.7844 7.96759 28.0559 9.45204 31.3056 26.7226 30.0808 29.4041 29.3377 30.0866 27.6618 26.9674 26.8899 18.8339 18.1271 19.7347 19.2333 30.3659 26.7635 28.0195 31.1314 11.8162 2.45708 8.67957 34.3165 19.2976 35.954 10.0046 20.7285 13.2705 18.0689
7.96045 7.58176 7.24636 6.5117 7.94021 4.76191 37.201 38.7503 35.8819 35.9621 32.724 29.8439 32.1911 33.9979 21.6093 22.4595 23.3887 26.4233 17.5128 18.3069 20.5446 20.9542 3.58002 2.48964 2.34017 0 17.0426 13.1247 15.2237 15.1288 7.04896 30.5979 8.10201 30.5198 30.5454 27.7781 29.1445 26.7731 29.5081 25.7237 29.8144 31.1106 17.3323 17.0284 17.3211 19.3439 30.089 33.3275 33.3279 31.4536 13.528 2.66663 6.85085 32.8192 17.6405 35.1592 8.0872 19.2507 15.5053 16.233
12.2221 13.1378 13.1428 14.6234 10.4804 15.6039 33.6507 35.0621 36.8061 39.2041 32.9959 32.2739 35.1199 36.7032 10.6688 13.0891 12.6935 15.2619 9.24539 9.32862 10.7266 12.4298 12.1351 14.3138 13.703 17.0426 0 2.71382 21.7708 27.9837 16.2519 36.2805 25.7004 32.4349 16.0368 15.0884 14.0411 13.5295 31.9715 35.3469 36.2418 31.061 28.3427 28.6749 27.9422 32.0356 27.0834 26.9033 30.2843 31.968 9.10635 14.8498 17.5005 40.4485 29.8201 27.4391 22.5554 30.4996 1.78697 28.6906
11.7737 11.289 12.3298 12.1063 8.35332 11.1257 30.8109 33.0342 37.5442 36.5165 30.0559 36.5344 36.5278 37.3722 12.1318 14.0132 16.2811 15.3511 10.1888 11.0912 12.049 12.9027 9.22635 12.9943 10.1464 13.1247 2.71382 0 19.7974 24.0509 15.2517 41.2107 19.4607 33.3636 18.0965 18.4699 17.6502 15.7758 31.0227 34.6517 32.8104 35.8767 23.8466 26.1243 25.7254 27.5598 27.9234 27.0422 29.4442 29.5902 6.90173 10.7854 17.194 42.6535 28.341 31.009 20.3757 29.2496 3.47923 26.9534
24.4089 21.6411 23.963 20.6386 23.992 20.8613 48.4205 45.8013 48.3092 48.41 42.5545 51.7683 45.3158 53.047 34.7513 33.4203 38.8252 36.314 32.2716 28.6719 32.9213 30.2934 13.9058 13.6752 17.2596 15.2237 21.7708 19.7974 0 2.73018 7.13929 38.0688 18.8326 41.595 35.9132 30.3809 33.0279 36.0245 45.9139 44.5978 46.3198 44.3463 30.3158 30.8675 34.2229 33.1055 43.8485 46.6905 47.6206 47.0409 15.042 12.5619 8.40985 45.6211 32.3477 52.0858 19.2155 34.1824 23.7271 7.22488
23.5737 26.0596 21.99 21.4743 22.8671 21.2747 48.7854 50.9937 56.1814 57.4818 51.9891 44.7293 53.5136 51.6819 33.8134 39.3859 35.169 41.5458 28.4888 30.4066 35.2394 34.6167 14.4385 13.9005 17.7844 15.1288 27.9837 24.0509 2.73018 0 9.84783 42.8511 17.6075 47.2396 40.3388 33.6571 33.8727 33.3516 44.7455 46.1437 42.8534 43.0024 31.7981 32.1732 30.4434 31.9822 46.4585 48.4144 44.9316 43.898 17.5858 13.6886 8.62229 47.3026 32.5349 46.0369 18.9757 31.2542 23.9514 5.12829
15.0613 13.3968 15.7928 14.5704 13.8997 12.3681 38.5872 39.017 44.3118 45.7194 39.8278 40.0571 38.3746 39.0495 28.1484 29.7096 30.5732 27.2192 22.3079 21.3711 24.4862 23.2523 6.42278 4.73458 7.96759 7.04896 16.2519 15.2517 7.13929 9.84783 0 37.7255 11.8469 34.8848 28.0231 27.7966 28.7812 28.7906 34.0822 33.9748 35.5118 40.2842 22.6129 26.4074 25.2501 23.8777 38.3914 35.6504 38.8725 34.9159 11.3304 5.9942 2.85156 40.4626 23.8594 41.2579 14.4238 25.3392 17.5278 10.8165
26.0089 27.1658 26.2164 26.6046 26.3033 25.4228 29.8323 28.8339 27.6436 27.8288 23.1144 20.6821 21.221 20.553 37.4928 38.2342 35.1584 38.0613 33.5027 31.9857 34.5963 32.3138 30.9954 28.3746 28.0559 30.5979 36.2805 41.2107 38.0688 42.8511 37.7255 0 26.3142 19.0045 54.8261 50.977 49.5766 52.4713 15.8014 13.2569 13.156 14.2584 11.3375 12.6951 10.4145 9.99106 29.9998 26.4891 30.4726 29.0254 38.3902 34.3753 32.8847 5.41844 11.8738 35.293 22.0888 11.81 36.2691 38.596
12.2821 12.2215 11.8071 11.6102 16.3411 9.18029 39.6531 37.6476 39.25 38.713 33.1873 35.4847 35.3484 37.3971 27.7291 32.5808 27.2874 28.4765 23.0558 25.2288 23.2311 24.5738 12.2343 9.88709 9.45204 8.10201 25.7004 19.4607 18.8326 17.6075 11.8469 26.3142 0 31.8916 39.3477 41.1922 39.6625 37.3584 25.8969 27.286 26.9277 26.4629 12.5727 12.1701 14.3357 13.401 36.0125 34.2173 33.545 34.5296 21.6268 9.08981 9.83051 30.0192 14.8441 41.2876 1.94023 17.2065 21.9705 13.2447
22.5236 25.8415 26.0517 25.9336 25.5549 25.2713 8.64115 8.67639 9.14531 8.70882 2.69349 2.88149 3.82996 4.09823 24.6722 25.0823 23.1933 24.1475 22.6902 24.5012 23.7986 23.1274 32.4848 31.7647 31.3056 30.5198 32.4349 33.3636 41.595 47.2396 34.8848 19.0045 31.8916 0 42.6543 45.1071 43.89 38.2218 5.12214 5.97687 5.28254 6.29782 21.7238 22.6642 20.3362 22.0232 8.95564 8.93419 8.67421 9.01342 42.5945 34.1373 39.5915 20.8321 15.573 21.079 28.9709 14.3579 29.3101 44.7571
27.3567 29.146 31.5875 27.0372 27.6822 27.6931 44.0492 42.6262 43.1987 46.1341 40.0165 46.3023 46.7095 43.4347 17.6703 18.4934 18.3348 21.6855 21.4023 21.1677 23.6767 24.3504 26.6952 32.1117 26.7226 30.5454 16.0368 18.0965 35.9132 40.3388 28.0231 54.8261 39.3477 42.6543 0 1.07839 0.973449 1.47595 48.509 44.658 42.9261 44.7864 40.4981 40.0852 42.4948 45.5157 40.3298 34.1378 38.8444 37.2313 19.4981 29.6254 30.6808 64.5254 39.3815 30.6819 38.4457 43.5275 16.6452 40.8656
27.7972 26.189 30.6062 29.0806 24.0855 31.6005 43.0566 45.9489 39.4378 42.1769 44.8166 42.9647 48.0662 44.4216 15.8664 17.0703 17.6293 19.7188 18.83 20.5201 22.417 20.9035 26.4306 27.422 30.0808 27.7781 15.0884 18.4699 30.3809 33.6571 27.7966 50.977 41.1922 45.1071 1.07839 0 1.27374 1.03226 48.2192 46.2055 47.0519 43.3397 46.2565 46.2725 43.6251 46.7304 36.2768 37.6605 33.9333 38.4306 19.3366 30.9987 33.1794 52.6019 46.5622 28.6543 37.8101 43.2852 16.6747 42.1914
27.2965 29.573 28.2286 29.1204 26.2821 31.2119 38.7367 41.7753 45.3017 41.945 37.6712 41.939 45.6661 48.5185 16.959 18.7373 17.9704 19.6202 17.4928 21.3413 19.8474 22.0022 26.6693 29.6463 29.4041 29.1445 14.0411 17.6502 33.0279 33.8727 28.7812 49.5766 39.6625 43.89 0.973449 1.27374 0 1.04838 45.2976 47.1011 43.8798 45.6536 40.7873 43.6272 43.2724 41.9066 33.1377 39.2114 35.8235 40.2998 20.7909 30.4818 32.1122 57.5577 39.0067 33.4118 35.8511 41.0072 14.7721 43.7721
27.1358 27.4622 28.5523 30.9711 25.6564 27.9398 43.3815 37.252 45.5625 43.309 43.9995 42.2442 46.0644 46.2058 16.7073 17.7227 16.8348 18.8303 16.8753 17.7561 20.4643 20.4984 25.4233 26.9481 29.3377 26.7731 13.5295 15.7758 36.0245 33.3516 28.7906 52.4713 37.3584 38.2218 1.47595 1.03226 1.04838 0 46.5991 43.526 45.4834 44.1354 45.6736 40.3389 45.1749 45.5539 36.6676 35.3028 35.0116 34.1585 18.4607 30.5845 29.145 51.6174 38.723 31.6324 35.5437 43.9853 14.5913 38.2535
22.1126 24.1109 22.4767 21.6476 24.3657 23.4268 12.9313 13.5657 12.7802 12.9629 8.15819 8.53338 7.62036 9.18905 27.153 28.4883 26.6995 25.9271 23.214 22.5217 22.2834 20.7481 28.79 31.5784 30.0866 29.5081 31.9715 31.0227 45.9139 44.7455 34.0822 15.8014 25.8969 5.12214 48.509 48.2192 45.2976 46.5991 0 0.912977 1.02167 1.51484 14.801 16.8714 15.3469 15.9873 15.023 13.6254 14.1226 13.1777 38.1018 31.2956 33.8422 18.5019 13.6152 21.987 27.0869 11.7379 29.8297 44.4329
23.4266 20.4006 24.0197 21.1978 24.197 24.0802 15.2793 12.9028 14.3987 13.2265 8.06197 9.3822 9.01617 10.1371 28.4948 30.0191 28.5702 23.9124 26.0754 24.9589 25.1219 21.5366 27.8287 29.2688 27.6618 25.7237 35.3469 34.6517 44.5978 46.1437 33.9748 13.2569 27.286 5.97687 44.658 46.2055 47.1011 43.526 0.912977 0 1.27291 0.94762 14.6352 14.7848 13.6231 15.9164 15.4161 13.3752 15.2209 13.5573 34.7013 32.2229 32.2684 16.0489 11.7573 22.9552 24.9694 10.4424 31.4018 42.7817
25.235 22.1326 23.6229 22.6213 24.872 25.0232 12.0843 13.0932 13.0886 13.1255 7.37497 7.28274 7.17119 7.95273 28.0062 29.517 27.6117 23.9444 25.4358 24.785 25.7525 21.6303 34.3313 30.3516 26.9674 29.8144 36.2418 32.8104 46.3198 42.8534 35.5118 13.156 26.9277 5.28254 42.9261 47.0519 43.8798 45.4834 1.02167 1.27291 0 0.93049 14.9748 16.5547 15.4043 14.9664 14.6117 12.455 13.4783 12.1532 36.193 29.0042 35.8568 18.4488 13.1152 23.0424 26.1339 11.8083 34.7461 45.2435
22.0272 22.5706 25.1043 25.4158 25.6226 27.6276 14.9556 13.4835 14.2667 13.4483 9.16376 9.23759 8.83266 9.00535 28.4839 26.6504 27.8729 27.0679 29.1039 25.0227 27.0296 24.0684 34.1353 31.7141 26.8899 31.1106 31.061 35.8767 44.3463 43.0024 40.2842 14.2584 26.4629 6.29782 44.7864 43.3397 45.6536 44.1354 1.51484 0.94762 0.93049 0 15.363 17.556 16.4581 16.9982 14.3568 14.778 14.7932 15.1857 38.8535 29.3877 37.0862 16.6539 13.9601 23.741 24.8308 10.8939 30.5475 38.6162
13.7653 14.1972 13.2345 14.563 16.9006 14.4973 24.4373 26.491 28.3605 26.4551 23.2943 21.998 24.6073 24.4178 26.8311 29.0103 31.0616 27.7594 24.5625 22.0562 23.5282 23.5945 20.8631 18.884 18.8339 17.3323 28.3427 23.8466 30.3158 31.7981 22.6129 11.3375 12.5727 21.7238 40.4981 46.2565 40.7873 45.6736 14.801 14.6352 14.9748 15.363 0 1.09843 1.05882 1.31657 27.1661 22.6243 27.4562 24.1196 30.4211 20.7238 22.0509 16.4171 3.08218 36.5561 11.7148 4.5598 28.4074 29.424
16.5295 16.1642 14.0112 14.6575 19.0606 14.8431 26.7602 28.2274 30.821 29.6251 22.8294 23.653 25.1756 27.2064 28.7861 28.0773 30.8662 31.8066 27.5032 22.9675 26.4423 22.4568 22.0276 19.7992 18.1271 17.0284 28.6749 26.1243 30.8675 32.1732 26.4074 12.6951 12.1701 22.6642 40.0852 46.2725 43.6272 40.3389 16.8714 14.7848 16.5547 17.556 1.09843 0 1.54461 0.945876 28.9139 23.5925 24.5458 28.579 31.0536 19.5812 20.7321 15.773 3.5546 34.4868 11.5035 4.66784 30.2497 24.5558
15.6994 16.1975 13.6502 15.7701 19.7456 14.5687 28.5986 27.8267 29.3954 29.1403 21.8551 21.0784 22.3097 24.4999 28.6934 31.6759 27.7099 27.5145 23.7559 24.9042 22.1034 22.3444 22.5964 20.8725 19.7347 17.3211 27.9422 25.7254 34.2229 30.4434 25.2501 10.4145 14.3357 20.3362 42.4948 43.6251 43.2724 45.1749 15.3469 13.6231 15.4043 16.4581 1.05882 1.54461 0 0.972462 23.8915 24.389 24.8376 24.0898 32.1845 22.3268 24.0164 14.3575 2.43169 35.6477 12.8129 4.07498 29.7432 26.8951
17.0827 15.1557 15.0386 15.667 19.7321 15.7146 29.6737 29.8886 27.0858 27.146 22.2224 25.4496 22.8355 27.0434 29.05 32.8439 31.7484 27.9278 27.1515 26.2713 23.2903 26.4947 22.6947 21.5462 19.2333 19.3439 32.0356 27.5598 33.1055 31.9822 23.8777 9.99106 13.401 22.0232 45.5157 46.7304 41.9066 45.5539 15.9873 15.9164 14.9664 16.9982 1.31657 0.945876 0.972462 0 28.7618 27.8091 24.5339 25.0759 28.2929 19.5769 25.9242 15.7093 3.60292 37.7307 11.8952 4.94615 26.271 25.634
24.9837 25.0488 25.7276 22.1856 25.0206 26.3205 4.44745 5.25197 6.17866 7.67506 7.64951 8.18144 9.48156 9.08392 19.805 18.836 19.1 16.1266 18.1139 17.3759 16.3638 14.8016 29.806 35.3353 30.3659 30.089 27.0834 27.9234 43.8485 46.4585 38.3914 29.9998 36.0125 8.95564 40.3298 36.2768 33.1377 36.6676 15.023 15.4161 14.6117 14.3568 27.1661 28.9139 23.8915 28.7618 0 1.04462 0.9483 1.44184 36.323 33.0591 37.3486 33.0351 22.939 10.1847 29.5643 20.4397 27.4686 48.7999
24.6771 23.9343 25.6906 23.904 23.262 26.0704 4.29741 5.39799 7.09277 8.05329 6.18565 7.7895 8.64825 8.63933 21.4201 18.0087 18.5403 16.9101 18.0899 17.4477 16.4038 16.4756 32.8527 33.6986 26.7635 33.3275 26.9033 27.0422 46.6905 48.4144 35.6504 26.4891 34.2173 8.93419 34.1378 37.6605 39.2114 35.3028 13.6254 13.3752 12.455 14.778 22.6243 23.5925 24.389 27.8091 1.04462 0 1.42485 1.01495 36.3165 34.0633 34.252 29.4961 23.9469 12.3168 30.5637 20.5772 26.8628 43.0317
22.0515 25.3264 26.6588 25.3035 24.0383 28.0573 3.22167 4.88695 5.81922 6.44758 7.15698 7.4498 7.37102 8.39954 22.2903 18.008 18.9945 16.6755 19.0098 18.227 18.661 16.0452 35.8784 31.4231 28.0195 33.3279 30.2843 29.4442 47.6206 44.9316 38.8725 30.4726 33.545 8.67421 38.8444 33.9333 35.8235 35.0116 14.1226 15.2209 13.4783 14.7932 27.4562 24.5458 24.8376 24.5339 0.9483 1.42485 0 1.02239 39.5792 33.6959 35.5561 32.8504 24.7677 11.9958 33.8554 22.5416 28.1096 52.069
22.7506 22.0738 23.3936 23.7062 22.4276 24.6836 3.08089 4.08378 5.7345 6.9455 5.66372 6.18962 8.23756 7.71285 20.2318 18.813 16.8347 18.9416 21.6021 18.688 17.4041 18.2645 29.8128 32.1075 31.1314 31.4536 31.968 29.5902 47.0409 43.898 34.9159 29.0254 34.5296 9.01342 37.2313 38.4306 40.2998 34.1585 13.1777 13.5573 12.1532 15.1857 24.1196 28.579 24.0898 25.0759 1.44184 1.01495 1.02239 0 33.7279 33.1724 34.9961 32.1633 24.2084 11.272 33.244 22.7346 26.9838 48.6091
16.2944 15.5711 17.4946 14.7177 12.3417 16.131 43.2754 38.6312 40.5461 46.4111 40.3138 40.8119 39.9074 39.0371 19.088 20.5908 21.8811 22.9772 17.4728 16.8367 20.0091 21.6621 9.83393 11.3896 11.8162 13.528 9.10635 6.90173 15.042 17.5858 11.3304 38.3902 21.6268 42.5945 19.4981 19.3366 20.7909 18.4607 38.1018 34.7013 36.193 38.8535 30.4211 31.0536 32.1845 28.2929 36.323 36.3165 39.5792 33.7279 0 11.7 12.3937 50.2866 32.5563 32.9441 20.3483 30.4439 9.5802 19.1708
8.88623 9.24394 8.71929 8.532 8.65065 5.67788 33.5989 36.4705 37.9925 40.3377 36.1035 31.6966 38.712 36.4766 22.9596 24.986 22.92 24.2605 18.189 17.6824 19.1058 17.8905 1.50911 1.10811 2.45708 2.66663 14.8498 10.7854 12.5619 13.6886 5.9942 34.3753 9.08981 34.1373 29.6254 30.9987 30.4818 30.5845 31.2956 32.2229 29.0042 29.3877 20.7238 19.5812 22.3268 19.5769 33.0591 34.0633 33.6959 33.1724 11.7 0 5.97285 37.0523 19.1612 36.1542 9.48601 19.7293 14.541 15.3375
15.6372 13.8729 13.2964 12.9473 14.7102 12.0661 39.4639 38.5923 41.6282 44.5985 37.7989 38.1119 40.7069 39.1379 26.0856 31.0873 28.5375 30.8391 21.8114 25.9222 25.7385 24.374 7.19091 4.3512 8.67957 6.85085 17.5005 17.194 8.40985 8.62229 2.85156 32.8847 9.83051 39.5915 30.6808 33.1794 32.1122 29.145 33.8422 32.2684 35.8568 37.0862 22.0509 20.7321 24.0164 25.9242 37.3486 34.252 35.5561 34.9961 12.3937 5.97285 0 41.4012 24.2786 46.205 11.4964 27.4295 17.9951 9.33861
30.2812 30.4082 27.6768 30.3638 33.1929 29.9839 28.8784 30.3892 30.6396 31.1392 27.5423 26.3446 24.1172 27.9 42.8876 41.9824 45.1265 37.1196 43.3312 41.7992 35.1898 35.8821 38.3233 39.31 34.3165 32.8192 40.4485 42.6535 45.6211 47.3026 40.4626 5.41844 30.0192 20.8321 64.5254 52.6019 57.5577 51.6174 18.5019 16.0489 18.4488 16.6539 16.4171 15.773 14.3575 15.7093 33.0351 29.4961 32.8504 32.1633 50.2866 37.0523 41.4012 0 16.6213 45.1649 26.1474 15.7201 46.9275 38.9865
16.0754 14.8842 14.2093 14.2969 19.5737 15.8687 23.2355 25.1681 24.8357 24.9611 19.4684 18.138 18.6531 20.1852 26.4554 26.9557 29.0537 26.8647 21.8854 25.5018 22.2733 22.0925 20.2475 21.3062 19.2976 17.6405 29.8201 28.341 32.3477 32.5349 23.8594 11.8738 14.8441 15.573 39.3815 46.5622 39.0067 38.723 13.6152 11.7573 13.1152 13.9601 3.08218 3.5546 2.43169 3.60292 22.939 23.9469 24.7677 24.2084 32.5563 19.1612 24.2786 16.6213 0 31.1783 14.4447 1.23658 27.6626 27.3552
29.2431 27.3472 29.9784 29.4585 27.894 32.7409 12.2073 15.1343 15.5232 16.6115 16.8141 18.948 19.4515 20.7147 16.4239 16.1747 15.3482 12.6001 21.3191 17.1132 18.9035 15.6822 34.4404 33.7291 35.954 35.1592 27.4391 31.009 52.0858 46.0369 41.2579 35.293 41.2876 21.079 30.6819 28.6543 33.4118 31.6324 21.987 22.9552 23.0424 23.741 36.5561 34.4868 35.6477 37.7307 10.1847 12.3168 11.9958 11.272 32.9441 36.1542 46.205 45.1649 31.1783 0 41.2516 29.1475 27.6968 54.679
11.1866 11.302 11.6618 9.80674 13.3175 8.9479 37.6407 37.2944 36.8907 40.4696 31.733 33.6959 31.7169 36.161 30.9884 29.6869 30.4441 29.9687 22.8776 23.4775 21.7182 21.3535 10.9327 10.6531 10.0046 8.0872 22.5554 20.3757 19.2155 18.9757 14.4238 22.0888 1.94023 28.9709 38.4457 37.8101 35.8511 35.5437 27.0869 24.9694 26.1339 24.8308 11.7148 11.5035 12.8129 11.8952 29.5643 30.5637 33.8554 33.244 20.3483 9.48601 11.4964 26.1474 14.4447 41.2516 0 14.3161 23.1797 17.0234
14.3518 16.8604 14.9328 15.3392 16.4704 16.4046 20.9249 23.2125 22.0827 24.7189 18.0171 18.49 19.7162 19.5927 29.1657 26.9611 27.668 24.17 21.6115 24.5435 22.3194 19.5409 20.5527 21.9467 20.7285 19.2507 30.4996 29.2496 34.1824 31.2542 25.3392 11.81 17.2065 14.3579 43.5275 43.2852 41.0072 43.9853 11.7379 10.4424 11.8083 10.8939 4.5598 4.66784 4.07498 4.94615 20.4397 20.5772 22.5416 22.7346 30.4439 19.7293 27.4295 15.7201 1.23658 29.1475 14.3161 0 28.5727 33.1488
11.8796 12.248 11.5704 12.671 8.71521 14.5969 30.9399 29.8488 36.1599 37.156 31.9509 34.0348 32.4139 31.4941 9.46469 11.5952 10.9186 12.199 6.6779 8.54002 8.37431 10.2839 11.5013 15.0138 13.2705 15.5053 1.78697 3.47923 23.7271 23.9514 17.5278 36.2691 21.9705 29.3101 16.6452 16.6747 14.7721 14.5913 29.8297 31.4018 34.7461 30.5475 28.4074 30.2497 29.7432 26.271 27.4686 26.8628 28.1096 26.9838 9.5802 14.541 17.9951 46.9275 27.6626 27.6968 23.1797 28.5727 0 29.7255
22.4176 21.9039 23.3784 20.0933 23.3981 18.0837 53.468 49.8481 48.4018 50.3294 43.3335 49.7649 45.8032 49.4985 36.2652 40.037 36.5866 36.3796 33.6547 30.8794 31.7407 33.5841 16.2779 14.4565 18.0689 16.233 28.6906 26.9534 7.22488 5.12829 10.8165 38.596 13.2447 44.7571 40.8656 42.1914 43.7721 38.2535 44.4329 42.7817 45.2435 38.6162 29.424 24.5558 26.8951 25.634 48.7999 43.0317 52.069 48.6091 19.1708 15.3375 9.33861 38.9865 27.3552 54.679 17.0234 33.1488 29.7255 0
