6
30
30
0 0.698884 1.21878 1.99652 2.32914 3.66385 19.0435 16.355 14.9543 14.1969 16.2505 14.3431 13.4421 13.2855 4.47907 5.44162 7.59073 9.34383 7.89983 7.49969 8.39153 7.93937 8.07235 7.70083 15.3518 19.7731 14.3699 27.1774 17.6695 28.1524
0.698884 0 0.714423 1.33661 3.13371 3.5227 17.1239 18.8116 18.1775 15.3001 15.9615 15.6282 13.5757 13.0728 4.3332 4.97544 8.54249 8.76816 7.49289 7.52578 10.0913 9.4102 8.30087 7.38998 17.0657 20.2432 15.5656 26.0187 20.1724 32.5249
1.21878 0.714423 0 0.627389 3.47532 3.03895 18.2409 19.97 15.6427 16.0886 18.0087 16.0632 15.9434 14.2621 4.6266 4.70741 7.4512 8.5603 6.6067 7.48265 9.01955 9.53004 9.79964 8.22304 16.958 22.815 16.0761 25.6146 19.0079 28.8624
1.99652 1.33661 0.627389 0 3.7161 2.71312 19.7121 16.7825 18.152 16.0503 15.6838 17.1555 15.9769 12.8363 5.00283 4.68181 6.76794 7.07579 6.1802 7.40355 9.44207 9.19573 8.95281 9.45564 17.7227 21.2821 16.2071 26.1172 21.0432 33.3712
2.32914 3.13371 3.47532 3.7161 0 5.25169 16.9908 15.1031 14.5989 11.9951 14.505 12.3948 12.5926 10.2239 3.47905 5.3595 7.14634 7.6849 7.32315 7.97774 7.05875 5.20686 5.75321 4.53361 13.7376 17.2287 13.3876 22.5271 16.2616 27.2479
3.66385 3.5227 3.03895 2.71312 5.25169 0 18.2099 18.7141 16.1981 15.0505 16.8418 16.3045 14.7354 13.8411 3.6439 2.42958 5.0394 5.50372 3.8808 4.40322 10.2969 10.2796 10.9896 9.1798 19.267 24.8353 15.2707 24.5549 21.3198 34.9325
19.0435 17.1239 18.2409 19.7121 16.9908 18.2099 0 1.19036 2.36823 3.87598 5.83647 6.05752 5.9156 6.49225 14.9492 17.6325 16.696 16.9936 17.5431 18.847 11.1427 10.5833 11.4012 12.6862 17.19 21.6467 3.0515 7.49223 19.084 13.3532
16.355 18.8116 19.97 16.7825 15.1031 18.7141 1.19036 0 1.20071 2.51302 5.28507 5.52697 5.49416 6.27148 15.2747 16.5348 14.6393 17.6899 15.6211 16.8977 10.1865 10.3514 9.99677 10.9798 16.2588 19.3056 2.00389 9.6292 18.2632 14.6554
14.9543 18.1775 15.6427 18.152 14.5989 16.1981 2.36823 1.20071 0 1.16222 6.11897 5.84175 5.16274 5.01967 11.8682 14.3496 14.7867 14.9258 15.2589 15.9985 7.47478 8.52342 9.09996 9.59405 15.2184 21.3563 1.1344 10.1599 15.613 16.1342
14.1969 15.3001 16.0886 16.0503 11.9951 15.0505 3.87598 2.51302 1.16222 0 6.65026 6.1299 5.31685 5.10842 12.4625 14.7266 14.5904 14.9755 14.5417 16.5717 7.32156 7.48102 7.97933 8.058 12.9875 19.184 1.28156 11.1466 16.4861 16.3621
16.2505 15.9615 18.0087 15.6838 14.505 16.8418 5.83647 5.28507 6.11897 6.65026 0 1.38169 2.60222 3.57166 12.3785 13.3658 12.0477 12.6237 11.8717 14.519 9.79693 10.4073 11.4727 11.0506 20.266 23.0317 5.19386 12.423 24.1559 17.7791
14.3431 15.6282 16.0632 17.1555 12.3948 16.3045 6.05752 5.52697 5.84175 6.1299 1.38169 0 1.26922 2.65849 10.5356 13.5207 10.4636 10.8746 12.9419 13.5523 10.1143 9.1332 10.195 10.3682 20.1628 23.0209 5.10024 11.0371 23.4513 18.789
13.4421 13.5757 15.9434 15.9769 12.5926 14.7354 5.9156 5.49416 5.16274 5.31685 2.60222 1.26922 0 1.32346 11.0019 11.0284 10.5827 11.8942 10.5823 10.6461 8.85709 7.74017 9.71607 9.71071 18.5525 20.9589 4.18354 14.1806 19.6529 18.0154
13.2855 13.0728 14.2621 12.8363 10.2239 13.8411 6.49225 6.27148 5.01967 5.10842 3.57166 2.65849 1.32346 0 9.35698 10.1032 9.99146 10.5608 9.68239 11.0133 7.62245 6.87963 8.74081 8.56269 15.5572 22.389 4.65294 14.7892 18.1368 19.8272
4.47907 4.3332 4.6266 5.00283 3.47905 3.6439 14.9492 15.2747 11.8682 12.4625 12.3785 10.5356 11.0019 9.35698 0 2.63484 4.38255 5.503 4.01938 4.75223 6.60539 5.80208 6.60579 6.16029 14.7811 20.2642 12.0204 23.0022 22.3676 26.4653
5.44162 4.97544 4.70741 4.68181 5.3595 2.42958 17.6325 16.5348 14.3496 14.7266 13.3658 13.5207 11.0284 10.1032 2.63484 0 2.57427 3.19358 1.72233 2.38876 10.0015 9.44992 9.87478 8.10856 19.8011 21.6534 15.0259 25.584 20.6064 29.8629
7.59073 8.54249 7.4512 6.76794 7.14634 5.0394 16.696 14.6393 14.7867 14.5904 12.0477 10.4636 10.5827 9.99146 4.38255 2.57427 0 1.04415 0.992993 1.48572 11.5119 9.28712 11.2006 9.29907 18.739 24.3686 13.3284 25.4292 25.8611 27.611
9.34383 8.76816 8.5603 7.07579 7.6849 5.50372 16.9936 17.6899 14.9258 14.9755 12.6237 10.8746 11.8942 10.5608 5.503 3.19358 1.04415 0 1.36337 0.975965 11.4178 10.6517 10.7658 11.4826 20.1011 26.4706 13.8173 24.0561 26.2722 32.1546
7.89983 7.49289 6.6067 6.1802 7.32315 3.8808 17.5431 15.6211 15.2589 14.5417 11.8717 12.9419 10.5823 9.68239 4.01938 1.72233 0.992993 1.36337 0 0.979959 11.1458 9.68808 10.6027 10.5852 20.436 25.2576 13.9911 22.8362 23.801 28.8658
7.49969 7.52578 7.48265 7.40355 7.97774 4.40322 18.847 16.8977 15.9985 16.5717 14.519 13.5523 10.6461 11.0133 4.75223 2.38876 1.48572 0.975965 0.979959 0 11.6491 10.9686 11.1955 11.2613 19.3336 23.6324 13.8134 26.2804 25.0818 29.3808
8.39153 10.0913 9.01955 9.44207 7.05875 10.2969 11.1427 10.1865 7.47478 7.32156 9.79693 10.1143 8.85709 7.62245 6.60539 10.0015 11.5119 11.4178 11.1458 11.6491 0 1.00592 0.986204 1.32956 11.6243 16.4636 7.23994 19.9347 14.2504 20.1349
7.93937 9.4102 9.53004 9.19573 5.20686 10.2796 10.5833 10.3514 8.52342 7.48102 10.4073 9.1332 7.74017 6.87963 5.80208 9.44992 9.28712 10.6517 9.68808 10.9686 1.00592 0 1.53731 0.944802 12.0356 17.319 7.66797 20.0162 13.5392 21.7385
8.07235 8.30087 9.79964 8.95281 5.75321 10.9896 11.4012 9.99677 9.09996 7.97933 11.4727 10.195 9.71607 8.74081 6.60579 9.87478 11.2006 10.7658 10.6027 11.1955 0.986204 1.53731 0 0.944636 10.6237 15.9429 9.17825 19.2912 13.1276 23.0368
7.70083 7.38998 8.22304 9.45564 4.53361 9.1798 12.6862 10.9798 9.59405 8.058 11.0506 10.3682 9.71071 8.56269 6.16029 8.10856 9.29907 11.4826 10.5852 11.2613 1.32956 0.944802 0.944636 0 11.6749 15.6395 9.22573 20.6164 13.8122 22.4037
15.3518 17.0657 16.958 17.7227 13.7376 19.267 17.19 16.2588 15.2184 12.9875 20.266 20.1628 18.5525 15.5572 14.7811 19.8011 18.739 20.1011 20.436 19.3336 11.6243 12.0356 10.6237 11.6749 0 5.3605 13.7687 23.931 4.64056 25.3631
19.7731 20.2432 22.815 21.2821 17.2287 24.8353 21.6467 19.3056 21.3563 19.184 23.0317 23.0209 20.9589 22.389 20.2642 21.6534 24.3686 26.4706 25.2576 23.6324 16.4636 17.319 15.9429 15.6395 5.3605 0 21.0909 25.5205 3.69561 27.6779
14.3699 15.5656 16.0761 16.2071 13.3876 15.2707 3.0515 2.00389 1.1344 1.28156 5.19386 5.10024 4.18354 4.65294 12.0204 15.0259 13.3284 13.8173 13.9911 13.8134 7.23994 7.66797 9.17825 9.22573 13.7687 21.0909 0 11.3931 17.6649 17.2939
27.1774 26.0187 25.6146 26.1172 22.5271 24.5549 7.49223 9.6292 10.1599 11.1466 12.423 11.0371 14.1806 14.7892 23.0022 25.584 25.4292 24.0561 22.8362 26.2804 19.9347 20.0162 19.2912 20.6164 23.931 25.5205 11.3931 0 24.2593 8.21985
17.6695 20.1724 19.0079 21.0432 16.2616 21.3198 19.084 18.2632 15.613 16.4861 24.1559 23.4513 19.6529 18.1368 22.3676 20.6064 25.8611 26.2722 23.801 25.0818 14.2504 13.5392 13.1276 13.8122 4.64056 3.69561 17.6649 24.2593 0 21.2882
28.1524 32.5249 28.8624 33.3712 27.2479 34.9325 13.3532 14.6554 16.1342 16.3621 17.7791 18.789 18.0154 19.8272 26.4653 29.8629 27.611 32.1546 28.8658 29.3808 20.1349 21.7385 23.0368 22.4037 25.3631 27.6779 17.2939 8.21985 21.2882 0
