2
30
30
0 0.649402 1.40244 1.86235 2.49995 3.69721 19.1973 18.2411 15.8737 14.3253 17.4603 14.9662 13.9932 13.2459 4.52235 5.7921 7.73834 8.99565 7.77979 7.83558 8.4564 8.37089 8.1853 7.39589 16.0915 21.1488 15.9019 24.4759 20.4154 28.6486
0.649402 0 0.59023 1.17698 3.16043 3.23826 18.993 18.6357 17.4485 14.7836 17.7726 16.1709 14.0899 13.5195 4.16114 5.43607 8.23342 8.13135 7.38007 7.81258 9.35732 8.47826 9.40533 7.33484 15.8023 20.4324 15.895 26.3389 21.3523 34.1856
1.40244 0.59023 0 0.64598 3.27873 3.13358 19.5692 17.1055 17.3339 15.5264 15.8054 15.808 15.5637 12.924 5.0961 4.86565 8.10063 8.5822 7.02834 7.40492 10.3388 9.6499 9.48556 8.77171 15.6503 22.4644 17.7957 29.9183 21.0279 34.4558
1.86235 1.17698 0.64598 0 4.27291 2.62798 18.3303 19.4893 18.9252 17.1197 16.999 15.3853 15.44 15.0508 4.84165 4.54788 7.86003 8.1428 6.69452 6.7302 10.1206 10.3809 8.85918 8.43089 16.2248 22.5897 17.9109 29.5482 22.8266 35.4247
2.49995 3.16043 3.27873 4.27291 0 4.79862 17.4056 13.9318 14.3508 12.5255 15.4031 12.3311 11.4658 11.853 3.18002 5.75229 7.3823 7.76697 6.87652 8.03409 6.18519 5.44195 6.23185 5.40457 14.6107 18.4164 13.2846 26.013 17.5389 30.0648
3.69721 3.23826 3.13358 2.62798 4.79862 0 17.803 17.2905 16.7245 15.1837 16.6758 15.463 13.6779 13.5597 4.15995 2.37315 4.84772 5.27741 4.32187 4.71464 11.3548 9.27276 9.99736 8.50339 17.6383 22.5075 17.0607 25.5073 23.235 31.2471
19.1973 18.993 19.5692 18.3303 17.4056 17.803 0 1.30142 2.28667 3.55443 5.14919 5.85157 5.98996 6.34542 14.5294 16.3407 15.3336 16.2959 15.1231 17.6006 9.96967 10.7191 11.2753 12.3217 16.409 21.9402 2.92001 8.39165 17.8948 13.3845
18.2411 18.6357 17.1055 19.4893 13.9318 17.2905 1.30142 0 1.2565 2.29472 5.13366 5.65514 5.42951 6.47873 14.8128 15.3709 13.9181 16.791 16.0323 18.203 9.05871 9.90034 9.84207 10.5212 16.0793 22.4316 2.09532 8.3878 16.9052 13.0387
15.8737 17.4485 17.3339 18.9252 14.3508 16.7245 2.28667 1.2565 0 1.36697 6.18687 5.10958 5.61238 5.1816 13.6137 15.4311 13.4371 16.3252 16.4612 17.4181 8.28811 8.38827 8.79195 9.03559 14.7094 17.7575 1.05132 9.49475 15.992 14.5226
14.3253 14.7836 15.5264 17.1197 12.5255 15.1837 3.55443 2.29472 1.36697 0 7.06902 5.51574 5.17734 5.69284 12.0509 15.5013 13.7072 15.1187 14.0128 15.9768 6.47934 7.65857 7.20508 8.70811 14.5309 19.4722 1.37634 10.9569 15.8605 14.459
17.4603 17.7726 15.8054 16.999 15.4031 16.6758 5.14919 5.13366 6.18687 7.06902 0 1.19125 2.33491 4.13542 13.3093 14.3779 11.7895 13.3681 12.6372 13.4884 11.6146 10.8604 12.8 10.8965 22.0124 23.6581 5.56023 10.7333 23.5182 19.5076
14.9662 16.1709 15.808 15.3853 12.3311 15.463 5.85157 5.65514 5.10958 5.51574 1.19125 0 1.32905 2.47106 11.4222 11.6893 10.9851 12.6896 11.2179 12.681 8.96175 8.5462 10.4482 9.67391 19.5279 23.46 4.35996 12.4148 19.3986 18.2522
13.9932 14.0899 15.5637 15.44 11.4658 13.6779 5.98996 5.42951 5.61238 5.17734 2.33491 1.32905 0 1.2655 10.9277 12.3754 9.56234 11.0567 11.5853 11.2765 7.57229 8.12333 10.2506 9.05872 19.2531 22.3131 4.70662 13.221 22.3192 21.2882
13.2459 13.5195 12.924 15.0508 11.853 13.5597 6.34542 6.47873 5.1816 5.69284 4.13542 2.47106 1.2655 0 9.04594 10.5634 9.86022 9.35108 10.6595 10.1087 7.67297 7.13628 8.16144 7.60239 16.4604 21.0911 4.45263 13.8837 21.5785 22.0087
4.52235 4.16114 5.0961 4.84165 3.18002 4.15995 14.5294 14.8128 13.6137 12.0509 13.3093 11.4222 10.9277 9.04594 0 2.57521 4.1407 5.07791 3.63369 5.34167 6.73292 6.42422 7.53731 6.128 14.7424 20.8651 13.092 21.0672 21.6202 27.5018
5.7921 5.43607 4.86565 4.54788 5.75229 2.37315 16.3407 15.3709 15.4311 15.5013 14.3779 11.6893 12.3754 10.5634 2.57521 0 2.54147 3.32002 2.03336 2.5199 9.68553 9.01871 9.28623 7.68603 19.5002 21.8701 13.3672 26.1948 21.5952 28.3203
7.73834 8.23342 8.10063 7.86003 7.3823 4.84772 15.3336 13.9181 13.4371 13.7072 11.7895 10.9851 9.56234 9.86022 4.1407 2.54147 0 1.09673 1.07909 1.4659 11.1132 8.94521 11.4517 9.32761 21.7259 25.8176 12.3886 23.0423 22.1789 30.1265
8.99565 8.13135 8.5822 8.1428 7.76697 5.27741 16.2959 16.791 16.3252 15.1187 13.3681 12.6896 11.0567 9.35108 5.07791 3.32002 1.09673 0 1.49726 1.0457 11.3529 10.6611 12.111 10.7258 22.8816 26.8637 14.2407 22.6221 25.235 31.4964
7.77979 7.38007 7.02834 6.69452 6.87652 4.32187 15.1231 16.0323 16.4612 14.0128 12.6372 11.2179 11.5853 10.6595 3.63369 2.03336 1.07909 1.49726 0 1.04935 11.3423 10.4888 10.2995 9.00597 20.7952 27.2976 15.3042 26.1338 23.0992 28.814
7.83558 7.81258 7.40492 6.7302 8.03409 4.71464 17.6006 18.203 17.4181 15.9768 13.4884 12.681 11.2765 10.1087 5.34167 2.5199 1.4659 1.0457 1.04935 0 12.7671 11.1949 11.1803 11.0026 20.742 27.4046 16.1781 25.5531 25.5831 32.9707
8.4564 9.35732 10.3388 10.1206 6.18519 11.3548 9.96967 9.05871 8.28811 6.47934 11.6146 8.96175 7.57229 7.67297 6.73292 9.68553 11.1132 11.3529 11.3423 12.7671 0 0.972664 0.919604 1.49926 9.68311 16.6679 6.89359 17.5287 12.808 21.3243
8.37089 8.47826 9.6499 10.3809 5.44195 9.27276 10.7191 9.90034 8.38827 7.65857 10.8604 8.5462 8.12333 7.13628 6.42422 9.01871 8.94521 10.6611 10.4888 11.1949 0.972664 0 1.49143 1.05105 12.0687 16.3638 8.22015 19.6778 15.5448 23.6947
8.1853 9.40533 9.48556 8.85918 6.23185 9.99736 11.2753 9.84207 8.79195 7.20508 12.8 10.4482 10.2506 8.16144 7.53731 9.28623 11.4517 12.111 10.2995 11.1803 0.919604 1.49143 0 0.901632 9.63405 16.5155 8.0712 17.6245 13.3137 21.2174
7.39589 7.33484 8.77171 8.43089 5.40457 8.50339 12.3217 10.5212 9.03559 8.70811 10.8965 9.67391 9.05872 7.60239 6.128 7.68603 9.32761 10.7258 9.00597 11.0026 1.49926 1.05105 0.901632 0 10.8725 14.6981 8.97497 18.9359 14.0377 22.985
16.0915 15.8023 15.6503 16.2248 14.6107 17.6383 16.409 16.0793 14.7094 14.5309 22.0124 19.5279 19.2531 16.4604 14.7424 19.5002 21.7259 22.8816 20.7952 20.742 9.68311 12.0687 9.63405 10.8725 0 4.84556 14.3354 21.281 4.42933 24.4578
21.1488 20.4324 22.4644 22.5897 18.4164 22.5075 21.9402 22.4316 17.7575 19.4722 23.6581 23.46 22.3131 21.0911 20.8651 21.8701 25.8176 26.8637 27.2976 27.4046 16.6679 16.3638 16.5155 14.6981 4.84556 0 19.9593 25.5586 3.67381 26.2091
15.9019 15.895 17.7957 17.9109 13.2846 17.0607 2.92001 2.09532 1.05132 1.37634 5.56023 4.35996 4.70662 4.45263 13.092 13.3672 12.3886 14.2407 15.3042 16.1781 6.89359 8.22015 8.0712 8.97497 14.3354 19.9593 0 10.6631 16.3138 17.1375
24.4759 26.3389 29.9183 29.5482 26.013 25.5073 8.39165 8.3878 9.49475 10.9569 10.7333 12.4148 13.221 13.8837 21.0672 26.1948 23.0423 22.6221 26.1338 25.5531 17.5287 19.6778 17.6245 18.9359 21.281 25.5586 10.6631 0 22.4756 8.04405
20.4154 21.3523 21.0279 22.8266 17.5389 23.235 17.8948 16.9052 15.992 15.8605 23.5182 19.3986 22.3192 21.5785 21.6202 21.5952 22.1789 25.235 23.0992 25.5831 12.808 15.5448 13.3137 14.0377 4.42933 3.67381 16.3138 22.4756 0 20.9569
28.6486 34.1856 34.4558 35.4247 30.0648 31.2471 13.3845 13.0387 14.5226 14.459 19.5076 18.2522 21.2882 22.0087 27.5018 28.3203 30.1265 31.4964 28.814 32.9707 21.3243 23.6947 21.2174 22.985 24.4578 26.2091 17.1375 8.04405 20.9569 0
